
==========================================================================================================================================================
=====================================================   FEATURE SELECTION   -   SIMULATION RESULTS   =====================================================
==========================================================================================================================================================

Parameters: 
   delta = confidence,
   epsilon = precision,
   rseed = seed of the random generator,
   it = number of iterations,
   reward = evaluation of the selected feature set,
   features = selected features
   itt = number of iterations for each greedy search,
   --> For the other parameters, please refer to the implementation details.


============================================================================================================================================================
|| ----------------- Main results   ----------------- || -------------------------------------------  Other results ------------------------------------------ ||
============================================================================================================================================================
delta        epsilon         rseed        it             reward          features                                       itt                    
00.1         000.01          032          0650347        0.9288          [ 241  105  475  493  378  64  338 ]           [ 283790  4  83536  13  282998  2  2  2 ]
00.1         000.01          018          0083260        0.91            [ 338  105  475  241  336  442 ]               [ 39880  5170  6617  10324  3  2  21264 ]
00.1         000.01          024          0044016        0.9262          [ 338  105  378  475  442 ]                    [ 29841  7698  3  3  6469  2 ]
00.1         000.01          032          0050077        0.9059          [ 493  442  105  336  475 ]                    [ 35339  6617  3  8112  3  3 ]
00.1         000.01          032          0050077        0.9059          [ 493  442  105  336  475 ]      [ 35339  6617  3  8112  3  3 ]      [ 0  0  0.613  0.7875  0.8593  0  0.9059 ]
00.1         000.01          032          0050077        0.9059          [ 493  442  105  336  475 ]      [ 35339  6617  3  8112  3  3 ]      [ 0  0.5005  0.611  0.8041  0.873  0.9059 ]
00.1         000.01          032          0023756        0.7849          [ 338  241  105 ]      [ 23749  3  2  2 ]      [ 0  0.5707  0.6917  0.7849 ]
00.1         000.01          032          0585981        0.9394          [ 338  105  493  318  64  378 ]      [ 25555  22967  29823  16357  57208  89217  344854 ]      [ 0  0.5707  0.6387  0.778  0.8738  0.9191  0.9394 ]
00.1         000.01          032          0403399        0.9308          [ 493  105  442  378  475 ]      [ 26090  10324  18305  31937  88893  227850 ]      [ 0  0.5005  0.6633  0.8041  0.8834  0.9308 ]
00.1         000.01          032          0111490        0.9853          [ 4  2 ]      [ 12637  41885  56968 ]      [ 0  0.8499  0.9853 ]
00.1         000.01          032          0111490        0.9853          [ 4  2 ]      [ 12637  41885  56968 ]      [ 0  0.8499  0.9853 ]
00.1         000.01          032          0086516        0.9859          [ 1  2 ]      [ 20746  28292  37478 ]      [ 0  0.8499  0.9859 ]
00.1         000.01          032          0596234        0.9364          [ 336  453  318  105  153  378 ]      [ 66664  25555  33950  41153  55223  108952  264737 ]      [ 0  0.515  0.5902  0.72  0.8509  0.9214  0.9364 ]
00.1         00.001          032          0479175        0               [ 9  2  0 ]      [ 30968  98843  114692  234672 ]      [ 0.8637  0.9403  0.993  0 ]
00.1         00.001          032          0095028        0.9901          [ 2  8  1 ]      [ 8815  545  37498  48170 ]      [ 0.6353  0.6505  0.9901 ]
00.1         00.001          032          0185213        0.993           [ 2  9  0 ]      [ 5207  24915  62277  92814 ]      [ 0.6353  0.9403  0.993 ]
00.1         00.001          032          0112011        0.9943          [ 1  2  5 ]      [ 20294  13457  34569  43691 ]      [ 0.86  0.9869  0.9943 ]
00.1         00.001          032          0137483        0.8995          [ 336  442  105  48  453  153  241  104 ]      [ 3013  1603  2410  11800  5405  11344  23779  39397  38732 ]      [ 0.5836  0.6966  0.7193  0.7703  0.8513  0.8776  0.8925  0.8995 ]
00.1         00.005          032          0624859        0.9015          [ 453  472  378  338  318  433  28  455 ]      [ 511871  11666  42430  3  9663  3  17055  10517  21651 ]      [ 0.6283  0.6558  0.7759  0.7925  0.8363  0.8794  0.8834  0.9015 ]
00.1         00.005          032          1101286        0.8918          [ 453  241  378  433  472  318 ]      [ 65,876  686,761  3,683  75,620  51,436  140,843  77,067 ]      [ 0.6283  0.6498  0.7043  0.7583  0.8362  0.8918 ]
00.1         00.005          032          66849273        0.9233          [ 105  453  442  318  433  48  420  153  475  52  493  299  378  20 ]      [ 33873  97564  258091  241424  651410  835145  1327361  1001377  1732444  11677909  5007503  5835969  4181401  18544645  15423157 ]      [ 0.5726  0.6987  0.757  0.8061  0.8458  0.8762  0.8744  0.8723  0.8901  0.8946  0.8916  0.8854  0.9166  0.9233 ]
00.1         000.01          032          0234635        0.9904          [ 4  5  26  2 ]      [ 17385  35155  50286  48939  82870 ]      [ 0.86  0.9375  0.9524  0.9904 ]
00.1         00.005          032          1282451        0.9913          [ 0  5  2  1 ]      [ 65382  89952  126681  528442  471994 ]      [ 0.5191  0.6358  0.6565  0.9913 ]
