
===============================================================================================
====================================== FEATURE SELECTION ======================================
===============================================================================================

  Training set:

      n = 300 examples
      f = 30 features



  Simulation parameters:
      Number of Iterations                  Nt = 20000
      Random exploration:                   q = 0.90
      Number of nearest neighbors:          k = 05
      Aggressive_set size:                  m = 50
      UCB exploration parameter:            ce = 2.00
      Exploration heuristic:                DISCRETE
             Allowed feature parameter:       b = 0.26

  Final Tree length:     |T| = 158
  Computation time:       t  = 65s

============================================================================================


 Most visited path:
 [ 4-11287  2-3053  0-450  fs-135 ]

 Node T[57] with feature subset:
  1010100000000000000000000000000

  Features = [ 0  2  4 ]
  Feature subset size = 3
  Node Average = 0.9855
  Node Final = 135
  T_F = 702

 Child Nodes:
 feature     t_f       mu_f     sg_f     lRAVE_f    tl_f
   001      000115    0.9841   0.0127    0.9816     182
   003      000112    0.9791   0.0185    0.9796     228
   009      000118    0.9837   0.0154    0.9824     170
   005      000122    0.9867   0.0125    0.9852     212

   fs       000135    0.9943   0.0000

   fr       000100    0.9831   0.0165

============================================================================================


 Most selected final 

 Node T[53] with feature subset:
  0010100000000000000000000000000

  Features = [ 2  4 ]
  Feature subset size = 2
  Node Average = 0.9818
  Node Final = 389
  T_F = 3053

 Child Nodes:
 feature     t_f       mu_f     sg_f     lRAVE_f    tl_f
   007      000413    0.9808   0.0194    0.9799     481
   005      000446    0.9858   0.0136    0.9842     1178
   009      000408    0.9800   0.0136    0.9794     1001
   003      000429    0.9833   0.0124    0.9816     1083
   000      000450    0.9862   0.0135    0.9846     1197
   001      000418    0.9815   0.0143    0.9818     935

   fs       000389    0.9768   0.0000

   fr       000100    0.9689   0.0236

============================================================================================


 Node T[0] with feature subset:
  0000000000000000000000000000000

  Features = []
  Feature subset size = 0
  Node Average = 0.9411
  Node Final = 14
  T_F = 20000

 Child Nodes:
 feature     t_f       mu_f     sg_f     lRAVE_f    tl_f
   029      000044    0.6249   0.1794    0.9084     867
   007      000045    0.6244   0.1747    0.9340     2099
   006      000053    0.6517   0.1573    0.9387     1877
   017      000052    0.6508   0.1773    0.9169     1409
   000      000051    0.6476   0.1376    0.9573     7084
   008      000042    0.6157   0.1492    0.9302     1660
   003      000052    0.6526   0.1676    0.9543     6646
   004      011287    0.9547   0.0508    0.9529     13169
   002      000062    0.6803   0.1187    0.9759     10747
   009      004862    0.9465   0.0554    0.9527     9413
   001      003241    0.9408   0.0606    0.9515     7605
   005      000095    0.7350   0.1431    0.9669     9034

   fs       000014    0.0000   0.0000

   fr       000100    0.6598   0.1728

============================================================================================



gRAVE score:

feature     score      Ng
   00       0.9573     7084
   01       0.9515     7605
   02       0.9759     10747
   03       0.9543     6646
   04       0.9529     13169
   05       0.9669     9034
   06       0.9387     1877
   07       0.9340     2099
   08       0.9302     1660
   09       0.9527     9413
   10       0.9185     859
   11       0.9155     799
   12       0.9148     857
   13       0.9181     861
   14       0.9227     802
   15       0.9194     863
   16       0.9211     840
   17       0.9169     1409
   18       0.9144     856
   19       0.9228     863
   20       0.9191     843
   21       0.9135     1004
   22       0.9174     877
   23       0.9167     856
   24       0.9159     794
   25       0.9190     804
   26       0.9174     1143
   27       0.9220     857
   28       0.9166     857
   29       0.9084     867

stopping features :
   30       0.0000     14
   31       0.7978     496
   32       0.8995     2472
   33       0.9452     4355
   34       0.9543     4187
   35       0.9547     3499
   36       0.9545     2342
   37       0.9547     1433
   38       0.9560     694
   39       0.9519     310
   40       0.9462     135
   41       0.9549     41
   42       0.9586     15
   43       0.9411     7
   44       0.0000     0
   45       0.0000     0
   46       0.0000     0
   47       0.0000     0
   48       0.0000     0
   49       0.0000     0
   50       0.0000     0
   51       0.0000     0
   52       0.0000     0
   53       0.0000     0
   54       0.0000     0
   55       0.0000     0
   56       0.0000     0
   57       0.0000     0
   58       0.0000     0
   59       0.0000     0
   60       0.0000     0

============================================================================================


Training set:
  n = 300 examples
  f = 30 features

0.0 0.5 0.1 0.0 1.0 0.0 0.1 0.5 1.1 2.1 0.4 0.4 0.6 0.2 0.1 0.4 0.1 0.1 0.9 0.8 0.1 0.4 0.8 0.5 0.4 0.7 0.6 0.1 0.7 0.2    0
0.9 0.0 0.4 2.8 0.0 0.4 0.5 1.0 1.9 1.0 0.4 0.1 0.3 0.2 1.0 0.5 0.3 0.4 0.9 0.2 0.3 0.6 0.8 0.8 0.6 0.4 0.8 0.3 0.7 0.8    1
0.3 0.8 0.5 0.8 1.6 0.1 0.3 0.5 1.0 2.9 0.4 0.7 0.4 0.6 0.3 0.4 0.7 0.3 0.0 0.8 0.9 0.7 0.0 0.4 0.3 0.1 0.9 0.1 0.1 0.3    0
0.1 0.5 0.6 0.3 1.0 0.1 0.5 0.2 0.5 1.8 0.6 0.5 0.2 0.3 0.8 1.0 0.5 0.1 0.4 1.0 0.1 0.6 0.7 0.5 0.7 0.3 0.4 0.2 0.5 0.0    0
0.1 0.3 0.6 0.3 0.6 0.1 0.4 0.3 0.6 1.1 0.7 0.7 0.7 0.4 0.5 0.8 0.1 0.8 0.6 0.6 1.0 0.8 0.0 0.6 0.6 0.7 0.5 0.2 0.9 0.9    1
0.6 0.0 0.4 1.9 0.0 0.2 0.3 0.8 1.7 0.9 0.1 0.4 0.5 0.1 0.7 0.7 0.9 0.5 0.9 0.9 0.3 0.6 0.1 0.3 0.8 1.0 1.0 0.1 0.4 0.4    1
0.0 0.9 0.9 0.0 1.8 0.0 0.9 0.0 0.0 2.8 0.9 0.0 0.1 0.2 0.8 0.3 0.7 0.9 0.5 0.0 0.4 0.6 0.7 0.4 0.4 0.6 0.8 0.7 0.5 1.0    0
0.1 0.7 0.4 0.2 1.3 0.0 0.4 0.3 0.6 2.3 0.7 0.4 1.0 0.5 0.6 0.3 0.8 0.6 0.4 0.7 0.6 0.1 0.6 0.2 0.1 0.3 0.1 0.9 1.0 0.4    0
0.9 0.8 0.3 2.6 1.7 0.3 0.6 1.0 1.9 3.5 0.9 0.7 0.5 0.8 0.8 0.0 0.7 0.7 0.9 0.7 0.5 0.6 0.6 0.7 0.9 0.4 0.7 0.0 1.0 0.4    0
0.2 0.6 0.7 0.5 1.2 0.1 0.5 0.3 0.6 2.1 0.9 0.1 0.9 0.9 0.1 1.0 0.4 0.4 0.1 0.9 1.0 0.5 0.1 0.8 0.8 1.0 0.3 1.0 0.2 0.9    0
0.5 0.0 0.4 1.5 0.0 0.2 0.1 0.8 1.5 0.8 0.6 0.2 0.3 0.4 0.4 1.0 0.5 0.6 0.5 0.0 0.9 0.1 0.2 0.4 0.6 0.4 0.2 0.0 0.4 0.7    1
0.1 1.0 0.2 0.2 2.0 0.0 0.1 0.6 1.2 3.6 0.5 0.1 0.8 0.0 0.4 0.6 0.9 0.8 0.4 0.5 1.0 0.3 0.6 0.9 0.7 0.2 0.8 0.9 0.9 0.7    0
0.1 1.0 0.7 0.3 1.9 0.1 0.6 0.2 0.4 3.1 0.2 0.1 0.6 0.3 0.6 0.7 0.8 0.9 0.2 0.5 0.4 0.6 0.5 0.9 0.8 0.0 0.9 0.4 0.6 0.7    0
0.9 0.2 0.8 2.7 0.5 0.7 0.1 0.9 1.8 1.7 0.9 0.7 0.7 0.2 0.1 0.6 0.8 0.8 0.3 0.6 0.6 0.4 0.7 0.7 0.5 0.7 0.8 0.9 0.2 0.9    1
0.7 0.3 0.8 2.2 0.6 0.6 0.1 0.8 1.5 1.7 0.5 0.7 0.8 0.3 0.1 0.6 0.5 0.5 0.8 0.5 0.6 0.6 0.4 0.8 0.9 0.5 0.7 0.7 0.9 0.4    1
0.9 0.1 0.2 2.8 0.2 0.1 0.8 1.0 2.0 1.2 0.9 0.3 0.7 0.8 0.1 0.7 0.2 0.1 0.8 0.7 0.8 0.6 0.7 0.7 0.5 0.7 0.2 0.2 0.3 0.5    1
0.9 0.5 0.1 2.7 1.0 0.1 0.8 1.0 2.0 2.5 1.0 0.4 0.1 1.0 0.3 0.6 0.5 0.7 0.6 0.5 0.5 0.2 0.2 0.4 0.7 0.5 0.0 0.3 0.1 0.6    0
0.1 0.5 0.2 0.3 1.1 0.0 0.1 0.6 1.1 2.2 1.0 0.0 0.4 0.4 0.8 0.3 0.1 0.4 0.7 0.5 0.7 0.7 0.9 0.3 0.7 0.4 0.1 0.8 0.2 0.4    0
0.7 1.0 0.8 2.1 2.0 0.5 0.1 0.7 1.5 3.7 0.8 0.2 0.2 0.8 0.7 0.5 0.8 0.6 0.5 0.3 0.4 0.9 0.5 0.3 0.0 0.7 0.9 0.3 0.1 0.7    0
0.8 0.2 0.2 2.3 0.4 0.2 0.5 0.9 1.9 1.6 0.9 0.8 0.9 0.6 0.5 0.9 0.5 0.8 0.6 0.8 0.5 0.9 0.7 0.8 0.5 0.9 0.8 0.9 0.9 0.8    1
1.0 0.7 0.0 2.9 1.5 0.0 0.9 1.0 2.0 3.2 0.7 0.1 0.7 0.2 0.7 0.7 0.9 0.3 0.1 0.7 0.7 0.4 0.0 0.5 0.9 0.5 1.0 0.5 0.3 0.4    0
0.7 0.8 0.3 2.0 1.6 0.2 0.3 0.9 1.8 3.3 0.4 0.1 1.0 0.2 0.4 0.4 0.5 0.1 0.8 0.9 1.0 0.4 0.6 0.4 0.9 0.0 0.4 0.4 0.5 0.1    0
0.7 0.4 0.8 2.1 0.8 0.6 0.1 0.7 1.5 2.0 1.0 0.6 0.2 1.0 0.9 0.7 0.1 0.5 0.4 0.9 0.8 0.2 0.7 0.9 0.4 0.8 0.6 0.3 0.9 0.8    1
0.6 0.3 0.4 1.9 0.5 0.3 0.2 0.8 1.6 1.6 1.0 0.6 0.5 0.5 0.8 1.0 0.6 0.1 0.6 0.0 0.4 0.2 0.6 1.0 1.0 1.0 0.6 0.7 0.2 0.2    1
0.3 0.7 0.6 1.0 1.5 0.2 0.3 0.5 1.0 2.7 0.3 0.8 0.9 0.0 0.4 0.3 0.7 0.2 0.1 0.9 0.5 0.3 0.3 1.0 0.9 0.9 0.6 0.4 0.3 0.1    0
0.1 0.0 0.1 0.4 0.0 0.0 0.1 0.9 1.8 0.9 0.5 0.3 0.5 0.2 0.7 1.0 0.4 0.6 0.1 0.7 0.9 0.0 0.2 0.1 0.0 0.0 0.5 0.1 0.5 1.0    1
0.5 0.3 0.7 1.5 0.6 0.3 0.2 0.6 1.3 1.6 0.8 0.9 0.6 0.4 0.5 0.8 0.8 0.9 0.4 0.5 0.2 0.2 0.4 0.1 0.5 0.5 0.3 0.1 0.5 1.0    1
0.3 0.8 0.1 1.0 1.5 0.0 0.3 0.9 1.8 3.2 0.7 0.8 0.9 0.8 0.9 0.6 0.4 0.8 0.4 0.1 1.0 0.0 0.3 0.9 0.6 0.8 0.9 0.1 0.8 0.8    0
0.1 0.1 0.3 0.4 0.3 0.0 0.2 0.5 1.0 0.9 0.9 0.7 0.9 0.8 0.4 0.6 0.7 0.6 0.3 0.9 0.2 0.0 0.4 0.8 0.4 0.0 0.7 0.7 0.3 0.9    1
0.7 0.5 0.8 2.2 1.0 0.6 0.1 0.8 1.6 2.3 0.1 0.3 0.7 0.3 0.3 0.6 0.3 0.6 0.8 0.9 0.0 0.5 0.6 0.7 0.7 0.4 0.3 0.2 0.5 0.2    1
0.1 0.6 0.5 0.2 1.2 0.0 0.5 0.2 0.4 2.0 0.9 0.4 0.6 0.2 0.9 0.7 1.0 0.6 0.2 0.7 0.1 0.2 0.1 0.2 0.2 0.3 0.5 0.9 0.8 0.6    0
0.9 0.2 0.5 2.7 0.4 0.4 0.4 1.0 1.9 1.6 0.8 0.9 0.2 1.0 0.2 0.9 0.3 0.7 0.9 0.9 0.1 0.5 0.6 0.2 0.7 0.1 0.0 0.5 0.8 0.7    1
0.0 0.4 0.9 0.1 0.7 0.0 0.9 0.0 0.1 1.1 0.3 0.1 0.8 0.6 0.7 0.7 0.8 0.5 0.2 0.1 0.3 0.4 0.4 0.8 0.1 0.5 0.9 0.2 0.6 0.6    1
0.5 0.6 0.3 1.4 1.2 0.2 0.1 0.8 1.6 2.5 0.4 0.5 0.5 0.4 0.3 0.3 0.1 0.9 0.4 0.8 0.3 0.1 0.8 0.2 0.4 0.9 0.7 0.3 0.1 0.1    0
0.8 0.0 0.1 2.5 0.0 0.1 0.7 1.0 1.9 1.0 0.6 0.5 0.8 0.4 0.8 0.3 0.9 0.8 0.5 0.9 0.8 0.5 0.0 0.1 0.6 0.1 0.4 0.6 0.7 0.1    1
0.2 0.1 0.8 0.6 0.1 0.2 0.6 0.3 0.5 0.4 0.9 0.8 0.3 0.7 0.0 0.1 0.3 0.9 0.1 1.0 0.5 1.0 0.7 0.6 0.0 1.0 1.0 0.7 0.1 0.8    1
0.9 1.0 0.8 2.7 1.9 0.7 0.2 0.9 1.9 3.8 0.2 0.0 0.5 1.0 0.2 0.1 0.4 0.9 0.3 0.6 0.0 0.2 0.1 0.4 0.6 0.1 0.8 0.5 0.9 0.0    0
0.2 0.1 0.3 0.5 0.2 0.0 0.1 0.6 1.2 0.9 0.7 0.6 0.9 0.9 0.6 0.5 0.1 0.1 0.6 0.1 0.8 0.8 0.1 0.8 0.5 0.3 0.5 0.5 0.7 0.9    1
0.4 0.6 0.5 1.2 1.1 0.2 0.1 0.6 1.2 2.3 0.2 0.8 0.3 0.2 0.9 0.8 0.3 0.1 0.9 0.9 0.2 0.4 0.9 0.1 1.0 0.0 0.9 0.9 0.1 0.3    0
0.8 0.8 0.7 2.3 1.7 0.6 0.0 0.8 1.6 3.3 0.1 0.1 0.8 0.7 0.6 0.7 0.3 0.3 0.1 0.0 0.2 0.4 0.4 0.3 0.0 0.5 0.7 0.7 0.9 0.9    0
0.4 0.5 0.5 1.1 1.0 0.2 0.2 0.6 1.2 2.1 0.4 0.3 0.0 0.6 0.6 0.5 0.7 0.4 0.9 1.0 0.2 0.6 0.8 0.5 0.6 0.5 0.5 0.4 0.5 0.2    0
0.8 0.8 0.4 2.4 1.6 0.3 0.4 0.9 1.8 3.3 0.9 0.0 0.3 0.3 0.0 0.5 0.5 0.3 0.2 0.3 0.8 0.7 0.3 0.7 0.4 0.8 0.4 0.0 0.1 0.6    0
0.4 0.5 0.8 1.2 0.9 0.3 0.4 0.5 0.9 1.9 0.9 1.0 0.8 0.2 0.5 0.4 0.0 0.6 0.5 0.0 0.2 0.1 1.0 0.1 0.4 0.9 1.0 0.7 0.1 0.1    1
0.5 0.6 0.2 1.6 1.1 0.1 0.3 0.9 1.7 2.5 1.0 0.3 0.4 0.1 0.6 0.6 0.5 0.9 0.0 0.4 0.9 0.8 0.8 0.4 0.2 0.1 0.7 0.7 0.4 0.6    0
0.6 0.1 0.8 1.8 0.3 0.5 0.2 0.7 1.3 1.1 0.9 0.3 0.8 0.8 0.7 0.4 0.5 0.7 0.5 0.4 0.3 0.6 0.3 0.5 0.9 0.2 0.2 0.6 0.2 0.8    1
0.3 0.1 0.7 0.9 0.3 0.2 0.4 0.4 0.8 0.8 0.8 0.7 0.4 0.9 0.1 0.1 0.9 0.7 0.7 0.5 0.7 0.4 0.8 0.8 0.2 1.0 0.7 0.6 0.7 0.7    1
0.2 0.8 0.1 0.5 1.6 0.0 0.1 0.9 1.8 3.4 0.5 0.1 0.8 0.9 0.0 0.3 0.2 0.5 0.7 0.2 0.3 0.5 0.2 0.7 0.3 0.7 0.0 0.1 0.8 0.2    0
0.8 0.9 0.5 2.4 1.7 0.4 0.3 0.9 1.8 3.5 0.8 0.8 0.5 0.1 1.0 0.4 0.8 0.2 0.2 0.1 0.1 0.1 0.5 0.6 0.6 0.7 0.8 0.8 0.0 0.9    0
0.4 0.3 0.8 1.3 0.5 0.4 0.4 0.5 1.0 1.3 0.4 0.0 0.8 0.9 0.9 0.8 0.4 0.8 0.0 0.7 0.1 0.7 0.6 0.4 0.3 0.4 0.0 0.5 0.5 0.5    1
0.8 0.9 0.6 2.4 1.9 0.5 0.2 0.9 1.8 3.7 0.9 0.0 0.6 1.0 0.9 0.2 0.2 0.9 0.6 0.5 0.8 0.2 0.1 0.4 0.4 0.1 0.7 0.7 0.2 0.6    0
0.7 1.0 0.2 2.2 2.0 0.2 0.5 0.9 1.9 3.9 0.9 0.1 0.0 0.7 0.2 0.6 0.6 0.8 0.5 1.0 0.6 0.7 0.4 0.0 0.5 0.0 0.9 0.2 0.1 0.1    0
0.7 0.3 0.8 2.0 0.6 0.5 0.1 0.7 1.5 1.7 0.3 0.1 0.6 0.0 0.1 0.2 0.7 0.9 0.6 1.0 0.3 0.1 0.4 0.7 0.4 0.7 0.6 0.9 0.6 0.0    1
0.8 0.0 0.6 2.3 0.0 0.4 0.2 0.9 1.7 0.9 0.9 0.1 0.6 0.4 0.5 0.7 0.3 0.8 0.0 0.4 0.2 0.1 0.6 0.5 0.4 0.7 0.8 0.7 0.9 0.8    1
0.4 0.7 0.4 1.3 1.4 0.2 0.0 0.7 1.4 2.8 0.6 0.0 0.0 0.1 0.9 1.0 0.8 0.8 0.3 1.0 0.8 0.6 0.9 0.4 0.9 0.4 0.9 0.9 1.0 0.2    0
0.0 0.4 0.4 0.1 0.7 0.0 0.4 0.2 0.5 1.3 0.1 0.4 0.6 1.0 0.2 0.5 0.1 0.1 0.8 1.0 1.0 0.7 0.3 0.4 0.4 0.3 0.3 0.0 0.1 0.4    0
0.2 0.9 0.7 0.7 1.8 0.2 0.4 0.4 0.8 3.0 0.7 0.7 0.5 0.7 0.2 0.8 0.5 0.2 0.0 0.4 0.3 0.9 0.6 0.2 0.8 0.6 0.7 0.8 0.7 0.8    0
0.4 0.7 0.9 1.3 1.4 0.4 0.5 0.5 0.9 2.5 0.3 0.5 0.5 1.0 0.1 0.1 0.8 0.8 0.2 0.2 0.4 0.4 0.5 0.2 0.7 0.9 0.2 0.3 1.0 0.8    1
0.1 1.0 0.0 0.4 1.9 0.0 0.1 1.0 2.0 3.9 0.3 0.5 0.1 0.7 0.0 0.4 0.8 0.4 0.3 1.0 0.9 0.7 0.5 0.9 0.4 0.4 0.4 0.2 0.5 0.0    0
0.1 0.9 0.4 0.2 1.8 0.0 0.3 0.4 0.8 3.1 0.4 0.8 0.8 0.6 0.9 1.0 0.1 0.4 0.8 0.7 0.3 0.5 0.5 0.8 0.2 0.7 0.4 0.9 0.7 0.7    0
0.7 0.5 0.5 2.1 1.0 0.4 0.2 0.8 1.7 2.3 0.6 0.1 0.6 0.9 0.9 0.6 0.8 0.3 0.8 0.3 0.2 0.2 0.8 0.7 0.7 0.6 0.4 0.7 0.2 0.1    1
0.6 0.2 0.7 1.8 0.4 0.4 0.1 0.7 1.4 1.2 0.4 0.8 0.6 0.3 0.0 0.6 0.6 0.8 0.0 0.2 0.1 0.7 0.6 0.4 0.5 0.8 0.7 0.9 0.9 0.3    1
0.3 0.5 0.1 0.8 1.0 0.0 0.1 0.8 1.6 2.3 0.6 0.7 0.4 0.6 0.3 0.7 0.6 0.4 0.3 0.7 0.9 0.7 0.4 0.6 0.9 0.1 0.9 1.0 0.5 0.1    0
0.3 0.1 0.5 1.0 0.3 0.2 0.2 0.6 1.1 1.0 0.5 0.7 0.6 0.0 0.2 0.7 0.6 0.5 0.5 0.2 0.5 0.7 0.3 0.5 0.4 0.2 0.2 0.8 0.8 1.0    1
0.5 0.4 0.3 1.4 0.7 0.1 0.2 0.8 1.6 1.9 0.3 0.0 0.1 0.6 0.1 0.9 0.2 0.1 0.2 0.9 0.4 0.4 0.4 0.5 1.0 0.1 0.5 0.5 0.6 0.5    0
0.9 0.7 1.0 2.8 1.4 0.9 0.0 0.9 1.9 3.0 0.5 0.8 1.0 0.3 0.5 0.8 0.6 0.5 0.1 0.1 0.8 0.7 1.0 0.6 0.3 0.5 0.4 0.0 0.2 0.3    1
0.1 0.6 0.9 0.2 1.2 0.1 0.9 0.1 0.1 1.9 0.3 0.8 0.5 0.2 0.9 0.9 0.6 0.3 0.9 0.5 0.1 0.5 0.5 0.9 0.3 0.4 0.6 0.1 0.2 0.2    1
0.4 0.5 0.3 1.1 0.9 0.1 0.0 0.7 1.4 2.1 0.9 0.6 0.1 0.1 0.4 0.5 0.2 1.0 0.3 0.1 0.1 0.1 0.2 0.9 0.7 0.3 0.7 0.8 1.0 0.5    0
0.9 0.1 0.2 2.8 0.1 0.2 0.7 1.0 2.0 1.2 0.5 0.5 0.6 0.6 0.7 0.5 0.9 0.4 0.0 0.3 0.2 0.5 1.0 0.9 1.0 1.0 0.9 0.6 0.9 0.2    1
0.4 0.1 0.0 1.1 0.3 0.0 0.3 1.0 1.9 1.4 0.5 0.6 0.5 0.5 0.7 0.8 0.0 0.4 0.7 0.3 0.1 0.8 0.1 0.8 0.2 0.7 0.6 0.2 0.7 0.2    0
0.8 0.8 0.7 2.4 1.6 0.6 0.1 0.9 1.7 3.3 0.7 0.4 1.0 0.6 0.5 0.7 1.0 0.5 0.8 0.3 0.1 1.0 0.1 0.7 0.6 0.7 0.7 0.9 0.7 0.6    0
0.7 0.2 0.7 2.2 0.4 0.5 0.1 0.8 1.6 1.5 0.4 0.1 0.7 0.6 0.7 1.0 0.7 0.3 0.9 1.0 0.0 0.7 0.9 0.3 0.3 0.1 1.0 0.2 0.1 0.4    1
0.4 0.1 0.1 1.2 0.1 0.0 0.3 0.9 1.9 1.1 0.6 0.4 0.9 0.4 0.8 0.9 0.2 0.7 0.4 0.4 0.0 0.8 0.8 0.4 0.9 0.7 0.7 0.1 0.4 0.1    1
0.6 0.2 0.7 1.8 0.4 0.4 0.1 0.7 1.4 1.3 0.8 0.5 0.7 0.3 0.4 0.3 0.0 0.9 1.0 0.4 0.1 0.7 0.2 0.6 0.2 0.4 0.4 0.4 0.1 0.3    1
0.8 0.5 0.9 2.4 1.0 0.7 0.1 0.8 1.6 2.3 0.9 0.8 0.7 0.4 0.9 0.5 0.3 1.0 0.4 0.2 0.3 0.1 0.6 0.4 0.4 1.0 0.7 1.0 0.0 0.8    1
0.6 0.0 0.3 1.7 0.0 0.1 0.3 0.9 1.7 0.9 0.4 0.6 0.5 0.7 0.6 0.5 0.2 0.5 0.4 1.0 1.0 0.5 0.2 0.4 0.7 0.3 0.6 0.5 0.8 0.4    1
0.1 0.7 0.9 0.4 1.4 0.1 0.8 0.2 0.3 2.2 0.6 0.2 0.6 0.5 1.0 0.4 0.9 0.2 0.8 0.5 0.5 0.3 0.9 0.7 1.0 0.1 0.5 0.8 0.5 0.3    1
1.0 0.4 0.7 2.9 0.9 0.7 0.3 1.0 1.9 2.3 0.1 0.4 0.4 0.2 0.7 0.1 0.2 0.8 0.4 0.6 0.6 0.2 0.4 0.3 0.8 0.7 0.8 0.5 0.0 0.1    1
1.0 1.0 0.3 2.9 2.0 0.3 0.6 1.0 2.0 3.9 0.9 0.4 0.3 0.9 0.2 0.1 0.4 0.3 0.2 0.3 0.2 0.6 0.2 0.5 0.2 1.0 1.0 0.1 0.1 0.0    0
0.1 0.5 0.5 0.3 0.9 0.1 0.4 0.3 0.6 1.7 0.5 0.8 0.6 0.5 0.8 0.6 0.2 0.6 1.0 0.2 0.6 0.7 0.6 0.9 0.9 0.7 0.6 0.1 0.0 0.4    0
0.3 0.3 0.8 0.8 0.6 0.2 0.6 0.3 0.7 1.3 0.0 0.6 0.0 0.7 0.1 0.3 0.6 0.8 0.9 0.5 0.9 0.7 0.1 0.4 0.6 0.7 0.8 0.4 0.6 0.7    1
0.7 0.4 0.9 2.0 0.8 0.6 0.2 0.7 1.4 2.0 0.3 0.3 0.2 0.4 0.3 0.8 0.5 0.7 0.4 0.5 0.7 0.5 0.7 0.4 0.9 0.8 0.5 0.0 0.8 0.4    1
0.3 0.4 0.2 1.0 0.8 0.1 0.1 0.8 1.6 1.9 0.7 0.4 0.4 0.0 0.5 0.6 0.0 0.1 0.6 1.0 1.0 0.7 0.1 0.1 0.0 0.3 0.9 0.2 0.1 0.1    0
0.9 0.3 1.0 2.6 0.5 0.9 0.1 0.9 1.8 1.7 0.4 0.6 0.1 0.1 0.4 0.5 0.0 0.8 0.8 0.2 0.1 0.5 0.4 0.3 0.7 0.7 0.0 0.8 0.9 0.3    1
1.0 0.6 0.8 2.9 1.2 0.7 0.2 1.0 1.9 2.7 0.1 0.3 0.5 0.4 0.8 0.3 0.2 0.1 0.7 0.3 0.8 1.0 0.8 0.1 0.2 0.2 0.6 0.3 0.4 0.1    1
0.8 0.5 0.9 2.4 1.0 0.7 0.1 0.8 1.6 2.3 0.1 0.6 0.6 0.6 0.3 0.2 0.3 0.3 0.5 0.6 0.5 0.5 0.1 0.0 1.0 0.5 0.7 0.5 0.9 0.5    1
0.8 0.5 0.7 2.4 1.0 0.5 0.2 0.9 1.7 2.3 0.2 0.6 0.1 0.9 0.8 0.8 0.6 1.0 0.2 0.6 0.7 0.3 0.3 0.3 0.2 0.4 0.4 0.1 0.6 0.4    1
0.2 0.8 0.8 0.7 1.6 0.2 0.6 0.3 0.6 2.8 0.4 0.5 0.1 0.4 0.5 0.3 0.4 0.8 0.8 0.1 0.1 0.7 0.9 0.4 0.6 0.7 0.6 0.9 0.6 0.1    0
0.1 0.6 0.3 0.3 1.1 0.0 0.2 0.6 1.1 2.3 0.4 0.4 0.9 0.0 1.0 0.6 0.3 0.1 0.8 1.0 0.6 0.1 0.4 0.3 0.9 0.9 0.2 0.9 0.2 0.9    0
0.9 0.2 0.5 2.7 0.3 0.5 0.4 0.9 1.9 1.4 0.2 0.4 0.7 0.3 0.1 0.8 0.2 0.2 0.8 0.3 0.7 0.3 0.3 0.5 0.6 0.5 0.6 0.9 0.9 0.2    1
0.0 0.7 0.3 0.0 1.4 0.0 0.2 0.3 0.6 2.4 0.4 0.2 0.4 0.7 0.6 0.9 0.0 0.6 0.5 0.3 0.6 1.0 0.5 0.8 0.8 0.7 0.5 0.7 0.1 0.3    0
0.3 0.8 0.3 0.9 1.6 0.1 0.0 0.7 1.4 3.1 0.7 0.9 0.2 0.9 0.5 0.4 0.9 0.3 0.4 0.0 0.7 0.9 0.2 0.2 0.7 0.6 0.2 0.2 1.0 0.7    0
0.5 0.7 0.3 1.4 1.3 0.1 0.2 0.8 1.6 2.8 0.4 0.5 0.9 0.7 0.4 0.6 0.1 0.9 0.3 0.3 1.0 0.1 0.9 0.5 0.8 0.5 0.2 0.7 0.4 0.9    0
0.5 0.1 0.6 1.4 0.1 0.3 0.1 0.6 1.3 0.8 0.6 0.2 0.5 0.5 0.2 0.5 0.7 0.4 0.4 0.5 0.4 1.0 0.8 0.4 0.2 0.7 0.7 0.5 0.5 0.4    1
0.3 0.6 0.2 0.9 1.1 0.0 0.1 0.8 1.7 2.5 0.3 0.3 0.8 0.8 0.5 0.3 0.7 0.2 0.3 0.4 0.2 0.2 1.0 0.4 0.5 0.7 0.1 0.9 0.4 0.1    0
1.0 0.4 0.7 2.9 0.8 0.7 0.3 1.0 1.9 2.2 0.3 0.0 0.9 0.9 0.3 0.2 0.2 0.1 0.1 0.2 0.1 0.1 0.5 0.4 0.7 0.4 0.8 0.6 0.7 0.3    1
1.0 0.0 0.9 2.9 0.1 0.9 0.0 1.0 1.9 1.1 0.7 0.6 0.3 0.1 0.3 0.3 0.1 0.6 0.7 0.5 0.7 0.8 0.7 0.9 0.5 0.4 0.3 0.3 0.7 0.7    1
0.4 0.3 0.5 1.1 0.6 0.2 0.1 0.6 1.2 1.6 0.1 0.2 0.8 0.4 0.8 0.1 0.1 0.7 0.3 0.6 0.2 0.0 0.1 0.5 0.6 0.9 0.1 1.0 0.6 0.1    1
0.7 0.0 0.2 2.0 0.1 0.1 0.5 0.9 1.9 1.0 0.9 0.4 0.3 0.3 0.7 0.3 0.9 0.8 0.7 0.5 0.0 0.3 0.6 0.5 0.1 0.0 0.0 0.3 0.2 0.6    1
0.1 0.4 0.1 0.2 0.8 0.0 0.0 0.8 1.6 2.0 0.4 0.3 0.4 1.0 0.0 0.4 0.0 0.9 0.8 0.2 0.1 0.1 0.8 0.1 0.2 0.8 0.5 0.8 0.1 0.6    0
0.9 0.7 0.3 2.7 1.4 0.2 0.6 1.0 1.9 3.0 0.1 0.0 0.5 0.9 0.1 0.5 0.1 0.5 0.5 0.1 0.4 0.3 0.5 0.6 0.5 0.3 0.6 0.6 0.5 0.4    0
0.9 0.1 0.3 2.8 0.3 0.3 0.6 1.0 2.0 1.4 0.7 0.6 0.5 0.2 0.3 0.8 0.4 0.0 0.4 0.7 0.2 0.9 0.0 0.5 0.6 0.5 0.3 1.0 0.9 0.7    1
0.9 0.8 0.4 2.6 1.6 0.4 0.5 0.9 1.9 3.4 0.3 0.5 0.3 0.2 0.2 0.6 0.7 0.9 0.7 0.3 0.6 0.1 0.5 0.7 0.4 0.4 0.8 0.7 0.7 0.7    0
0.2 1.0 0.9 0.7 1.9 0.2 0.7 0.3 0.5 3.1 0.4 0.6 0.4 0.9 0.1 0.9 0.2 0.9 0.1 0.2 0.2 0.2 0.0 0.9 0.8 0.7 0.1 0.3 0.9 0.1    0
0.5 0.5 0.9 1.6 0.9 0.5 0.3 0.6 1.2 2.0 0.6 0.5 0.8 0.7 0.8 0.5 0.8 0.0 0.5 0.6 0.2 0.1 0.7 0.7 0.9 0.5 0.2 0.6 0.5 0.9    1
0.6 0.7 0.6 1.8 1.3 0.4 0.0 0.8 1.5 2.7 0.6 1.0 0.3 0.1 0.2 0.4 0.8 0.3 0.8 1.0 0.9 0.9 0.5 0.8 0.5 0.1 0.8 0.0 0.4 0.3    0
0.4 0.7 0.7 1.2 1.5 0.3 0.4 0.5 1.0 2.7 0.0 0.2 0.7 0.3 0.4 0.5 0.8 0.4 0.5 0.4 1.0 0.3 0.8 0.3 0.2 0.8 0.4 0.5 0.8 0.2    0
0.5 1.0 0.5 1.5 1.9 0.2 0.0 0.7 1.4 3.6 0.4 0.1 0.8 0.7 0.3 0.3 0.8 0.5 0.1 0.9 1.0 0.7 1.0 0.7 0.6 0.2 0.4 0.0 0.1 0.7    0
0.3 0.6 0.3 1.0 1.2 0.1 0.1 0.7 1.5 2.6 0.8 0.3 0.4 0.0 0.7 0.5 0.8 0.5 0.8 0.0 0.8 0.1 0.2 0.4 0.5 0.7 0.4 0.5 0.3 0.6    0
0.4 0.9 0.0 1.2 1.8 0.0 0.4 1.0 2.0 3.6 0.5 0.1 1.0 0.0 0.6 0.6 0.1 0.9 0.7 0.7 0.3 0.3 0.7 0.2 0.1 1.0 0.3 0.6 0.9 0.8    0
0.5 1.0 0.9 1.4 1.9 0.4 0.5 0.5 1.0 3.4 0.1 0.8 0.1 0.8 0.3 0.8 0.3 0.6 0.8 0.2 0.9 0.0 0.6 0.9 0.8 0.8 0.7 0.7 0.4 0.3    0
0.4 0.2 0.9 1.3 0.3 0.4 0.5 0.4 0.9 0.9 0.9 0.7 0.0 0.7 0.7 0.7 0.2 0.7 0.7 0.9 0.9 0.0 0.6 0.3 0.7 0.4 0.1 0.4 0.3 0.0    1
0.7 1.0 0.2 2.0 1.9 0.1 0.5 0.9 1.8 3.8 0.9 0.8 0.8 0.3 0.6 0.8 0.3 0.9 0.3 0.0 0.7 0.2 0.1 0.6 0.4 0.5 0.8 0.0 0.8 0.1    0
0.8 0.3 0.1 2.3 0.6 0.1 0.7 1.0 2.0 1.8 0.7 0.4 0.9 0.6 0.1 0.9 0.7 0.9 0.0 0.9 1.0 0.6 1.0 0.7 0.5 0.6 0.8 0.2 0.1 0.3    0
1.0 0.8 0.1 2.9 1.6 0.1 0.9 1.0 2.0 3.4 0.4 0.8 0.1 0.4 1.0 0.2 0.9 0.4 0.5 0.9 0.4 0.7 0.3 0.4 0.1 0.9 0.2 0.7 0.6 0.7    0
0.7 1.0 0.5 2.0 1.9 0.4 0.1 0.8 1.6 3.7 0.6 0.6 0.7 1.0 0.2 0.7 1.0 0.8 0.4 0.0 0.8 0.1 0.8 0.8 1.0 0.2 0.2 0.9 1.0 0.2    0
0.9 0.1 0.9 2.6 0.1 0.8 0.0 0.9 1.8 1.1 0.1 1.0 0.0 0.1 0.1 0.6 0.0 0.1 0.6 0.4 0.7 0.8 0.6 0.7 0.9 0.7 0.1 0.6 0.2 0.2    1
0.7 0.7 0.3 2.2 1.5 0.2 0.5 0.9 1.8 3.2 0.4 0.2 0.1 0.7 0.5 0.8 0.9 0.2 0.8 0.4 0.5 1.0 0.0 0.1 0.9 0.5 1.0 0.6 0.2 0.4    0
0.3 0.6 0.5 0.8 1.1 0.1 0.2 0.5 1.0 2.2 0.4 0.1 0.8 0.8 0.0 0.0 0.4 1.0 0.2 0.4 0.6 0.0 0.7 0.5 1.0 1.0 0.8 0.9 0.7 0.0    0
0.7 0.4 0.9 2.1 0.9 0.6 0.2 0.7 1.5 2.1 0.1 1.0 0.7 0.3 0.1 0.7 0.6 0.8 0.8 0.0 1.0 1.0 0.9 0.9 0.3 0.2 0.7 0.2 0.5 0.2    1
0.2 0.1 0.8 0.6 0.2 0.2 0.6 0.3 0.5 0.5 0.1 0.4 0.8 0.8 0.5 0.9 0.3 0.5 0.2 1.0 0.8 0.2 0.5 1.0 0.9 0.3 1.0 0.3 0.8 0.7    1
0.8 0.8 0.4 2.3 1.6 0.3 0.4 0.9 1.8 3.3 0.2 0.6 0.6 0.6 0.9 0.7 0.5 0.1 0.6 1.0 0.2 0.9 0.8 0.5 0.5 1.0 0.5 0.4 0.0 0.2    0
0.8 0.8 0.8 2.5 1.6 0.7 0.0 0.9 1.7 3.2 0.4 0.2 0.0 0.0 1.0 0.3 0.4 0.3 0.6 0.1 0.7 0.7 0.5 0.3 0.0 0.8 0.6 0.2 0.8 0.4    1
0.5 0.6 0.4 1.6 1.3 0.2 0.1 0.8 1.6 2.7 0.9 0.4 0.0 0.3 0.9 0.3 0.8 0.1 0.5 0.1 0.2 0.6 0.5 0.3 0.4 0.9 0.9 0.7 0.7 0.2    0
0.4 0.9 0.3 1.1 1.8 0.1 0.1 0.8 1.5 3.4 0.8 0.9 0.2 0.1 0.5 0.9 1.0 0.8 0.9 0.4 0.5 0.6 0.3 0.8 0.8 0.0 0.3 0.6 0.1 0.1    0
0.8 0.5 0.5 2.3 0.9 0.4 0.2 0.9 1.7 2.3 0.5 0.7 0.4 0.2 0.6 0.0 0.6 0.4 0.9 0.1 0.5 0.4 0.9 0.5 0.7 0.2 0.6 0.7 1.0 0.3    1
1.0 0.2 0.3 2.9 0.3 0.3 0.7 1.0 2.0 1.4 0.5 0.8 0.3 0.9 0.5 0.4 0.2 0.3 0.9 0.4 0.9 0.2 0.9 0.7 0.0 0.5 0.7 0.0 0.6 0.1    1
0.6 0.4 0.8 1.7 0.8 0.4 0.2 0.6 1.3 1.9 0.2 0.1 0.8 0.5 0.5 0.4 0.2 0.4 0.3 0.5 0.3 0.8 0.9 0.2 0.2 0.2 0.7 0.8 0.9 0.8    1
0.7 0.9 0.0 2.1 1.8 0.0 0.7 1.0 2.0 3.7 0.3 0.8 0.8 0.0 0.4 0.2 0.5 0.5 0.6 0.4 0.1 0.8 0.3 0.9 0.3 0.3 0.1 0.1 0.2 0.2    0
1.0 0.0 0.0 2.9 0.1 0.0 0.9 1.0 2.0 1.1 0.2 0.4 0.7 0.1 0.2 0.8 0.1 0.5 0.7 0.6 0.6 0.9 0.0 0.3 0.4 0.1 0.2 0.1 0.6 0.8    1
0.9 0.8 0.9 2.6 1.6 0.8 0.1 0.9 1.7 3.2 0.2 0.5 0.5 0.6 0.4 0.1 0.6 0.6 0.1 0.0 0.0 0.8 0.6 0.3 0.2 0.8 0.4 0.0 0.2 0.3    1
0.9 0.8 0.4 2.6 1.6 0.3 0.5 0.9 1.9 3.4 0.7 1.0 0.9 0.8 0.3 0.2 0.7 0.9 0.2 0.3 0.3 0.9 0.9 0.9 0.1 0.8 1.0 0.0 0.4 0.9    0
1.0 0.8 0.9 2.9 1.6 0.9 0.1 1.0 2.0 3.4 0.3 0.7 0.5 0.6 0.9 0.8 0.2 0.8 0.6 0.5 0.6 1.0 0.6 0.9 0.2 0.8 0.4 0.2 0.1 0.2    1
0.7 0.6 0.2 2.0 1.3 0.1 0.5 0.9 1.9 2.9 0.7 0.6 0.2 0.5 0.4 0.3 0.5 0.1 0.2 0.7 0.9 0.0 1.0 0.9 0.4 0.4 0.9 0.1 0.9 0.8    0
0.9 0.3 0.7 2.7 0.6 0.6 0.3 0.9 1.9 1.8 0.6 0.2 0.4 0.5 0.6 1.0 0.9 0.8 0.5 0.5 0.9 0.5 0.5 0.2 0.2 1.0 0.5 0.2 0.7 0.4    1
0.4 1.0 0.3 1.2 2.0 0.1 0.1 0.8 1.6 3.8 0.8 0.5 0.1 0.8 0.9 0.9 0.5 0.8 0.6 1.0 0.8 0.7 0.5 0.8 0.4 0.3 0.6 0.9 0.6 0.0    0
0.6 0.4 0.9 1.9 0.8 0.6 0.3 0.7 1.4 1.8 0.8 0.7 0.9 0.4 0.9 0.9 0.4 0.6 0.2 0.0 0.6 0.6 1.0 0.4 0.2 0.5 0.9 0.1 0.4 0.9    1
0.5 0.4 0.1 1.4 0.9 0.0 0.4 0.9 1.9 2.2 0.7 0.0 0.1 0.3 0.5 0.9 0.7 0.8 0.1 0.0 0.0 0.1 0.1 0.6 0.2 0.1 0.9 0.7 0.7 0.4    0
0.5 0.6 0.3 1.4 1.2 0.2 0.1 0.8 1.5 2.6 0.6 1.0 0.7 0.8 0.1 0.7 0.5 0.5 0.2 0.8 0.7 0.4 0.3 0.7 0.8 0.3 0.6 0.4 0.4 0.0    0
0.4 0.3 0.5 1.3 0.6 0.2 0.1 0.7 1.3 1.5 0.9 0.9 0.2 0.3 0.7 0.4 0.4 1.0 0.3 0.0 0.2 0.9 0.9 0.8 0.8 0.1 0.7 0.2 0.2 0.5    1
0.1 0.3 0.2 0.2 0.6 0.0 0.1 0.6 1.3 1.6 0.9 0.3 0.9 0.5 0.9 0.0 0.1 0.4 0.1 0.7 0.3 0.8 0.7 0.3 0.9 0.8 0.2 0.1 0.8 0.4    0
0.7 0.9 0.2 2.1 1.8 0.1 0.5 0.9 1.9 3.6 0.6 0.1 0.2 0.1 0.5 0.2 0.2 0.5 0.6 0.3 0.2 0.3 0.4 0.0 0.7 0.2 0.7 0.0 0.8 0.1    0
0.5 0.7 0.2 1.4 1.5 0.1 0.3 0.9 1.7 3.1 0.0 0.6 0.6 0.2 0.6 0.1 1.0 0.7 0.7 0.3 0.8 0.8 0.7 0.1 0.2 0.1 0.9 0.4 0.4 0.5    0
0.3 0.1 0.7 1.0 0.2 0.2 0.4 0.5 0.9 0.8 0.3 0.5 1.0 0.9 0.8 0.7 0.8 0.2 0.6 0.6 0.5 0.4 0.0 0.1 0.0 0.9 0.8 0.4 0.4 0.2    1
0.4 0.6 0.1 1.1 1.2 0.0 0.3 0.9 1.9 2.8 0.1 0.8 0.2 0.5 0.4 0.7 0.1 0.8 0.6 0.3 0.6 0.9 0.4 0.8 0.5 0.7 0.8 1.0 0.2 0.9    0
0.9 0.0 0.6 2.6 0.1 0.6 0.2 0.9 1.8 1.0 0.9 0.5 0.9 0.3 0.3 0.6 0.6 0.0 0.2 0.3 0.3 0.9 0.5 0.6 1.0 0.9 0.0 0.8 0.6 0.8    1
0.6 0.2 0.0 1.8 0.4 0.0 0.6 1.0 2.0 1.6 0.1 0.3 0.6 0.3 0.3 0.6 0.4 0.5 0.5 0.7 0.9 0.1 0.2 0.2 0.2 0.1 0.3 0.7 0.8 0.5    0
0.5 0.8 0.4 1.4 1.5 0.2 0.1 0.7 1.5 3.0 0.7 0.3 0.2 0.8 0.8 0.2 0.9 0.0 0.6 0.6 0.8 0.3 0.9 0.2 0.3 0.2 0.5 0.5 0.6 0.1    0
0.0 0.6 0.5 0.1 1.2 0.0 0.5 0.2 0.4 2.0 0.1 0.4 0.0 0.9 0.8 0.2 0.9 0.2 0.1 1.0 0.1 0.0 1.0 0.4 0.8 0.3 0.6 0.4 0.3 0.5    0
0.9 0.6 0.8 2.8 1.2 0.7 0.2 0.9 1.9 2.8 0.4 0.8 0.2 0.6 0.8 0.5 0.7 0.8 0.7 0.8 0.9 0.2 0.1 0.4 0.1 1.0 0.5 0.1 0.8 0.4    1
0.4 0.9 0.8 1.1 1.8 0.3 0.5 0.4 0.9 3.1 0.3 0.0 0.8 0.4 0.7 0.9 0.3 0.5 0.8 0.7 0.6 0.5 0.0 0.7 0.1 0.4 0.8 0.8 0.4 0.0    0
0.1 0.0 0.0 0.2 0.1 0.0 0.1 0.9 1.9 1.1 0.8 0.5 0.9 1.0 0.1 0.8 0.3 0.8 0.6 0.1 0.8 0.4 0.4 0.8 0.7 0.5 0.2 0.9 0.8 0.0    0
0.5 0.4 0.0 1.4 0.8 0.0 0.4 1.0 1.9 2.1 0.4 0.1 0.7 0.3 0.3 0.0 0.1 0.4 0.6 0.8 0.9 0.3 0.0 0.8 0.8 0.9 0.4 0.6 0.6 0.1    0
0.2 0.1 0.6 0.5 0.3 0.1 0.5 0.3 0.6 0.7 0.7 0.5 0.6 0.4 0.1 0.5 0.8 0.5 0.5 0.3 0.8 0.9 0.6 0.9 0.0 0.1 0.1 0.7 0.7 0.4    1
0.4 0.8 0.6 1.1 1.7 0.2 0.3 0.5 1.1 3.0 0.4 0.5 1.0 0.3 0.6 0.1 0.1 0.1 0.7 1.0 0.4 0.1 0.3 0.3 0.7 0.2 0.5 0.9 0.5 0.2    0
1.0 0.6 0.5 3.0 1.3 0.5 0.5 1.0 2.0 2.9 0.1 0.0 0.1 0.3 0.5 0.9 0.2 0.9 0.2 0.0 0.6 0.4 0.6 0.2 0.5 0.0 0.9 0.6 0.6 0.1    1
0.6 0.6 0.2 1.7 1.1 0.1 0.4 0.9 1.8 2.6 1.0 0.3 0.7 0.3 1.0 0.3 0.1 0.0 0.7 0.2 0.3 0.9 0.1 0.8 0.3 0.8 0.8 0.2 0.0 0.9    0
1.0 0.6 0.9 2.9 1.1 0.8 0.1 1.0 2.0 2.7 0.8 0.9 1.0 0.4 0.9 1.0 0.1 0.9 0.9 0.0 0.6 0.9 0.0 0.3 0.5 0.3 1.0 0.8 0.2 0.6    1
0.6 0.2 0.5 1.7 0.4 0.3 0.1 0.8 1.5 1.4 0.1 0.7 0.1 0.9 0.3 0.1 0.6 0.9 1.0 0.1 0.8 0.6 0.3 0.4 0.9 0.4 0.7 0.3 0.4 0.6    1
1.0 0.4 0.8 2.9 0.8 0.7 0.2 1.0 1.9 2.2 0.7 0.3 0.5 0.3 0.9 0.8 0.8 0.2 0.8 0.7 0.1 0.4 0.9 0.9 0.2 0.7 0.7 0.7 0.1 0.6    1
1.0 0.9 0.5 2.9 1.8 0.5 0.4 1.0 2.0 3.7 0.2 0.4 0.3 0.9 0.8 0.6 0.2 0.9 0.9 0.0 0.7 0.0 0.8 0.9 1.0 0.3 0.3 0.5 0.2 0.9    0
0.5 0.4 0.3 1.4 0.9 0.1 0.1 0.8 1.6 2.1 0.3 0.2 0.2 0.1 0.2 0.4 0.3 0.0 0.2 1.0 0.4 0.6 0.9 0.9 0.9 0.1 0.3 0.0 0.2 0.9    0
0.9 0.9 1.0 2.8 1.7 0.9 0.1 0.9 1.8 3.5 0.7 0.8 0.3 0.6 0.5 0.6 0.9 0.6 0.1 0.6 0.5 0.4 0.7 0.6 0.2 0.6 0.8 0.3 0.6 0.4    1
0.5 0.2 0.3 1.4 0.4 0.1 0.2 0.8 1.6 1.5 0.5 0.4 0.3 0.8 0.2 0.9 0.0 1.0 0.5 0.7 0.4 0.3 0.7 0.3 0.4 0.4 0.6 0.3 0.5 0.7    1
0.6 0.2 0.8 1.7 0.3 0.4 0.2 0.6 1.3 1.1 0.2 0.9 0.5 0.9 0.1 0.6 0.5 0.3 0.7 0.6 0.4 0.1 0.5 0.5 0.6 0.9 0.8 0.9 0.1 0.3    1
0.1 0.8 0.0 0.2 1.5 0.0 0.0 0.9 1.8 3.2 0.0 0.7 0.5 1.0 0.7 0.3 0.2 0.7 0.3 0.5 0.9 1.0 0.2 1.0 0.6 1.0 0.3 0.1 0.1 0.2    0
0.6 0.9 0.0 1.8 1.8 0.0 0.6 1.0 2.0 3.7 0.7 0.7 0.0 0.5 0.0 0.6 0.0 0.1 0.0 0.1 0.7 0.0 0.8 0.9 0.3 0.5 0.5 0.1 0.2 0.5    0
0.0 0.7 0.4 0.1 1.4 0.0 0.4 0.2 0.4 2.3 0.3 0.1 0.1 0.1 0.8 0.6 0.3 0.4 0.9 0.8 0.4 0.2 0.5 0.2 0.0 1.0 0.4 0.3 0.7 0.1    0
0.1 0.5 0.9 0.3 1.0 0.1 0.8 0.1 0.2 1.5 0.4 0.9 0.3 0.9 0.5 0.4 1.0 0.9 0.9 0.4 0.8 0.2 0.5 0.6 0.5 0.6 0.8 0.9 1.0 0.4    1
0.2 0.0 0.5 0.6 0.1 0.1 0.2 0.5 1.0 0.6 0.1 0.3 0.8 0.6 0.6 0.7 0.4 0.1 0.8 0.7 0.3 0.8 0.1 0.7 0.1 0.3 0.4 0.6 0.5 0.8    1
0.6 0.3 0.1 1.7 0.6 0.1 0.4 0.9 1.9 1.8 0.2 0.1 0.5 0.1 0.3 0.9 0.7 0.1 1.0 0.5 0.8 0.9 0.5 0.3 0.5 0.7 0.0 0.8 0.8 0.8    0
0.4 0.6 0.1 1.3 1.1 0.0 0.4 0.9 1.9 2.6 0.0 0.7 0.2 0.3 0.0 0.6 0.1 0.3 0.9 1.0 0.6 0.5 0.9 0.6 0.7 0.4 0.7 0.1 0.4 0.0    0
0.7 0.6 0.0 2.0 1.1 0.0 0.7 1.0 2.0 2.7 0.4 0.4 0.9 0.2 0.9 0.3 0.3 0.0 0.8 0.7 0.5 0.3 1.0 0.6 0.4 0.3 0.4 0.6 0.8 1.0    0
0.2 0.3 0.5 0.5 0.6 0.1 0.3 0.4 0.8 1.2 0.3 0.1 0.7 0.7 0.7 0.9 0.4 0.8 0.4 0.2 1.0 0.6 0.6 0.8 0.8 0.5 0.8 0.2 0.3 0.8    1
0.8 0.5 0.2 2.4 1.1 0.1 0.6 1.0 1.9 2.5 0.2 0.1 0.6 0.4 0.6 0.4 0.5 0.5 0.3 0.9 0.8 0.8 0.7 0.7 0.8 1.0 0.2 0.8 1.0 0.8    0
0.3 0.5 0.7 1.0 1.1 0.2 0.4 0.5 0.9 2.1 0.8 0.7 0.8 0.8 0.1 0.4 0.1 0.1 0.4 0.0 0.4 0.9 0.7 0.8 0.1 0.1 0.2 0.3 0.3 0.2    1
0.6 0.3 0.8 1.7 0.7 0.5 0.2 0.6 1.3 1.7 1.0 0.5 0.4 0.5 0.7 0.2 0.6 1.0 0.3 0.2 0.5 0.8 0.7 0.3 0.2 0.6 0.6 0.0 0.3 0.6    1
0.2 0.8 1.0 0.7 1.6 0.2 0.8 0.2 0.5 2.7 0.4 0.8 0.5 0.2 0.8 0.2 0.7 0.2 0.6 0.8 0.5 0.1 0.1 0.4 0.2 0.1 0.8 0.1 0.3 0.2    0
0.9 0.5 0.7 2.6 1.1 0.6 0.2 0.9 1.8 2.5 0.4 0.1 0.3 0.4 0.5 0.7 0.7 0.7 0.0 0.9 0.4 1.0 0.8 0.6 0.9 0.6 0.2 0.9 0.5 0.0    1
0.3 0.1 0.1 1.0 0.2 0.0 0.2 0.9 1.8 1.2 0.9 0.9 0.2 0.7 0.8 0.8 0.1 0.7 0.4 0.4 0.3 0.0 0.1 0.8 0.5 0.4 0.5 0.1 0.4 1.0    1
0.5 0.7 0.5 1.6 1.4 0.3 0.0 0.7 1.4 2.9 0.0 0.7 0.4 0.4 0.5 0.5 0.4 0.5 0.9 0.3 0.3 0.4 0.7 0.9 0.4 1.0 0.6 0.1 0.0 0.1    0
0.2 0.4 0.2 0.5 0.9 0.0 0.0 0.7 1.5 2.1 0.3 0.4 1.0 0.8 0.7 0.1 0.5 0.1 0.9 0.7 0.2 0.2 0.2 0.2 0.7 0.9 0.9 0.0 0.4 0.0    0
0.9 0.9 0.0 2.7 1.9 0.0 0.9 1.0 2.0 3.8 0.6 0.8 0.7 0.7 0.4 0.7 0.7 0.8 0.3 0.2 0.8 0.2 0.6 0.8 0.9 0.5 0.1 0.9 1.0 0.4    0
0.3 0.6 0.1 0.9 1.1 0.0 0.2 0.9 1.8 2.6 0.8 0.7 0.9 0.5 0.8 0.8 0.3 0.8 0.2 0.7 0.5 0.7 0.7 0.7 0.3 0.9 0.0 0.8 0.9 0.8    0
0.7 0.8 0.9 2.1 1.6 0.6 0.2 0.7 1.5 3.1 0.2 0.8 0.4 0.2 0.8 0.3 0.7 0.7 0.4 0.5 0.1 0.3 0.6 0.3 0.8 0.4 0.3 0.7 0.1 0.6    1
0.1 0.6 0.6 0.3 1.3 0.1 0.5 0.3 0.6 2.2 0.4 1.0 0.5 0.8 0.7 0.7 0.3 0.5 0.3 0.2 0.9 0.8 0.1 0.3 0.9 0.5 0.3 1.0 0.7 0.3    0
0.9 0.5 0.5 2.7 0.9 0.4 0.4 0.9 1.9 2.3 0.6 0.0 0.9 0.3 0.8 0.4 0.5 0.1 0.0 0.5 0.3 1.0 0.6 0.6 0.6 0.4 0.5 0.6 0.7 0.8    1
0.6 0.8 0.6 1.7 1.6 0.4 0.1 0.7 1.4 3.1 0.2 0.5 0.9 1.0 0.9 0.2 1.0 0.4 0.9 0.8 0.3 0.7 0.2 0.4 0.6 0.5 0.3 0.1 0.4 0.9    0
0.6 0.9 0.3 1.7 1.7 0.2 0.3 0.8 1.7 3.4 0.8 0.5 0.4 0.4 0.9 0.7 1.0 0.9 0.9 0.8 0.3 0.3 0.3 0.9 0.7 0.6 0.6 0.8 0.5 0.4    0
0.2 0.9 0.7 0.6 1.8 0.2 0.5 0.3 0.6 3.0 0.9 0.7 0.6 0.3 1.0 0.4 0.8 0.3 0.1 0.6 0.1 0.5 0.4 0.7 0.6 0.9 0.8 0.2 0.7 0.0    0
0.5 0.3 0.0 1.4 0.5 0.0 0.5 1.0 2.0 1.8 0.2 0.3 0.5 0.7 0.9 0.8 0.5 0.3 0.0 0.4 0.9 0.1 0.4 0.3 1.0 0.6 0.4 0.0 0.3 0.3    0
0.3 0.7 0.4 0.9 1.5 0.1 0.1 0.6 1.3 2.8 0.4 0.2 0.6 0.9 0.4 0.1 0.6 0.7 0.8 0.1 0.5 0.4 0.8 0.6 0.0 0.3 0.9 0.4 0.9 0.8    0
0.9 0.3 0.5 2.8 0.6 0.5 0.4 1.0 1.9 1.8 0.1 0.3 0.4 0.6 0.3 0.4 0.4 0.4 0.9 0.9 0.4 0.8 0.2 0.3 0.1 0.9 0.0 0.3 0.5 0.1    1
0.6 0.1 0.5 1.7 0.2 0.3 0.1 0.8 1.5 1.1 0.7 0.7 0.4 0.8 0.0 0.2 0.1 0.4 0.0 0.0 0.7 0.1 0.3 1.0 0.4 0.7 0.8 0.8 0.9 0.6    1
0.7 0.3 0.1 2.2 0.6 0.0 0.7 1.0 2.0 1.9 0.1 0.9 0.1 0.1 0.2 0.7 0.5 0.8 0.6 0.7 0.4 0.1 0.9 0.9 0.8 0.4 0.2 0.3 0.4 0.9    0
0.4 0.8 0.8 1.3 1.7 0.3 0.3 0.5 1.0 3.0 0.4 0.7 0.2 0.8 1.0 0.2 0.5 0.5 0.9 0.2 0.2 0.6 0.9 1.0 0.6 0.7 0.7 0.5 0.1 0.6    0
0.4 0.2 0.2 1.2 0.5 0.1 0.2 0.8 1.6 1.5 0.4 0.8 0.7 0.1 0.6 0.6 0.9 1.0 0.1 0.2 0.8 0.3 0.5 0.8 0.8 0.7 0.2 0.1 1.0 0.4    1
0.3 0.0 0.2 0.8 0.1 0.0 0.1 0.8 1.6 0.9 0.7 0.5 0.7 0.8 0.0 0.0 0.4 0.0 0.5 1.0 0.8 0.8 0.2 0.1 0.6 0.8 0.9 0.4 0.6 0.9    1
0.8 1.0 0.5 2.3 1.9 0.4 0.3 0.9 1.8 3.7 0.2 0.7 0.8 0.8 0.1 0.6 0.8 0.2 0.0 0.6 0.4 0.7 0.4 0.8 0.0 0.5 0.3 1.0 0.3 0.1    0
0.2 0.6 0.5 0.6 1.2 0.1 0.3 0.4 0.9 2.2 0.4 0.3 0.5 0.3 0.4 0.1 0.6 0.7 0.9 0.8 0.3 0.5 0.0 0.8 0.7 0.1 0.5 0.5 0.5 0.0    0
0.1 0.7 0.9 0.4 1.3 0.1 0.8 0.2 0.3 2.1 0.4 0.5 0.9 0.3 0.3 0.2 0.4 0.4 0.5 0.7 0.2 0.4 0.3 0.1 0.8 0.8 0.7 0.8 0.7 0.1    1
1.0 0.9 0.2 2.9 1.7 0.2 0.8 1.0 2.0 3.6 1.0 0.9 0.4 0.5 0.4 0.9 0.7 0.1 1.0 0.5 0.7 0.5 1.0 1.0 0.6 0.5 0.0 0.3 0.8 0.3    0
0.9 0.9 0.4 2.6 1.7 0.3 0.5 1.0 1.9 3.5 0.6 0.6 0.7 0.7 0.1 0.6 0.5 0.1 0.1 0.9 0.3 0.7 0.5 0.8 0.6 0.9 0.5 0.8 0.1 0.5    0
0.3 0.1 0.2 1.0 0.1 0.1 0.1 0.8 1.6 1.0 0.6 0.6 0.8 0.0 0.2 0.0 0.7 0.7 0.5 0.6 0.3 0.8 0.5 0.7 0.4 0.7 0.5 0.4 0.9 0.9    1
0.9 0.9 0.9 2.6 1.9 0.7 0.0 0.9 1.7 3.7 0.7 0.0 0.0 0.3 0.8 0.2 0.7 0.3 0.1 0.4 0.5 0.3 1.0 0.9 0.6 0.4 0.5 0.9 1.0 0.6    0
0.6 0.3 0.0 1.9 0.6 0.0 0.6 1.0 2.0 1.9 0.4 1.0 0.8 0.2 0.6 0.9 0.5 0.8 0.5 1.0 0.4 0.0 0.6 0.3 0.0 0.5 0.2 0.6 0.1 0.8    0
0.5 0.1 0.4 1.5 0.2 0.2 0.1 0.7 1.5 1.0 0.9 0.3 0.9 0.8 0.2 1.0 0.5 0.8 0.4 0.5 0.9 0.6 1.0 0.1 0.9 0.7 0.1 0.3 0.0 0.3    1
0.2 0.9 0.3 0.5 1.9 0.0 0.1 0.6 1.2 3.4 0.9 0.4 0.6 0.8 0.8 0.7 0.1 0.9 0.5 1.0 0.1 0.5 0.3 0.1 0.4 0.0 0.1 1.0 0.9 0.1    0
0.4 0.5 0.1 1.2 1.1 0.1 0.3 0.9 1.8 2.5 0.4 0.1 0.5 0.3 0.6 0.7 0.4 0.8 0.7 0.1 0.0 0.4 0.9 0.4 0.6 0.3 0.3 0.3 0.3 0.5    0
0.1 0.6 0.8 0.2 1.2 0.1 0.8 0.1 0.2 1.9 0.7 0.5 0.5 0.7 1.0 0.2 0.6 0.9 1.0 0.9 0.5 0.5 0.4 0.4 0.7 0.9 0.7 1.0 0.2 0.6    1
1.0 0.9 0.8 2.9 1.8 0.8 0.1 1.0 1.9 3.6 0.1 0.4 0.0 0.6 0.2 0.4 0.5 0.5 0.7 0.3 0.8 0.0 0.1 0.9 0.8 0.4 0.3 1.0 0.9 0.3    0
0.2 0.1 0.2 0.7 0.1 0.1 0.0 0.7 1.4 0.9 0.2 0.2 0.4 0.2 0.3 0.3 0.3 1.0 0.9 0.3 0.6 1.0 0.3 0.8 0.8 0.4 0.9 0.4 0.3 0.2    1
0.8 0.8 0.6 2.4 1.7 0.5 0.2 0.9 1.7 3.4 0.7 0.2 0.5 0.5 0.2 0.2 0.9 0.5 0.9 0.9 0.1 0.7 0.1 0.9 0.8 1.0 0.4 0.1 0.3 0.6    0
0.8 0.9 0.1 2.4 1.9 0.1 0.7 1.0 2.0 3.8 0.2 0.7 0.7 0.8 0.2 0.5 0.6 0.0 0.7 0.4 0.0 0.1 0.3 0.0 0.4 0.2 0.5 0.3 0.7 0.7    0
0.8 0.7 0.8 2.4 1.4 0.6 0.0 0.8 1.7 3.0 0.9 0.5 0.3 0.2 0.7 0.0 0.6 0.3 0.8 0.6 0.3 0.4 0.1 0.6 0.3 0.4 0.8 0.1 0.8 0.9    1
0.6 0.1 0.5 1.7 0.2 0.3 0.1 0.8 1.5 1.0 0.5 0.8 0.4 0.2 0.2 0.4 0.7 0.7 0.3 0.9 0.8 0.0 0.6 0.2 0.8 0.2 0.6 0.3 0.8 1.0    1
0.7 0.9 0.4 2.0 1.7 0.2 0.3 0.9 1.7 3.5 0.2 0.7 0.8 0.8 0.6 0.9 0.1 0.8 0.8 0.2 0.0 0.5 0.6 0.9 0.6 1.0 0.2 0.2 0.0 0.5    0
0.8 0.7 0.9 2.4 1.4 0.7 0.1 0.8 1.6 2.9 0.9 0.6 0.6 1.0 0.4 0.7 0.0 0.8 0.4 0.9 0.5 0.8 0.3 0.6 0.6 0.6 0.5 0.2 0.2 0.1    1
0.5 0.4 0.2 1.5 0.7 0.1 0.3 0.9 1.7 1.9 0.5 1.0 0.1 0.4 0.3 0.0 0.9 0.8 0.3 0.6 0.6 0.4 0.8 0.3 0.5 0.8 0.0 0.7 0.4 1.0    0
0.0 0.7 0.6 0.0 1.4 0.0 0.6 0.0 0.0 2.2 0.0 0.9 0.6 0.9 0.0 0.9 0.8 0.5 0.5 0.1 0.4 0.4 0.5 0.5 0.2 0.8 0.1 0.8 0.0 0.5    0
0.3 0.7 0.4 0.9 1.4 0.1 0.1 0.6 1.2 2.6 0.2 0.4 0.8 0.6 0.0 0.9 0.7 0.8 0.6 0.6 0.4 0.3 0.1 0.9 0.1 0.5 1.0 0.1 0.9 0.1    0
0.1 0.4 0.1 0.2 0.7 0.0 0.0 0.8 1.5 1.8 0.7 0.8 0.6 0.6 0.8 0.0 0.3 0.2 0.1 0.9 0.9 0.8 0.5 1.0 0.3 0.7 0.0 0.4 0.1 0.6    0
0.3 0.3 0.5 0.8 0.5 0.2 0.3 0.5 1.0 1.3 0.4 0.3 0.9 0.1 0.8 1.0 0.4 0.3 0.5 0.9 0.3 0.5 0.6 0.6 0.6 0.7 0.7 0.4 0.6 0.6    1
1.0 0.9 0.8 2.9 1.8 0.7 0.2 1.0 1.9 3.7 0.7 0.9 0.5 1.0 0.9 0.3 0.2 0.5 0.8 0.9 0.7 0.2 0.6 0.6 0.3 0.1 0.1 0.7 0.5 0.8    0
0.7 0.5 0.2 2.1 1.1 0.1 0.5 0.9 1.9 2.6 0.9 0.1 0.4 0.0 0.5 0.3 0.4 0.6 0.6 0.1 0.6 1.0 0.2 0.3 0.8 0.1 0.5 0.1 0.7 0.7    0
0.0 0.5 0.9 0.1 1.1 0.0 0.8 0.1 0.1 1.7 0.2 0.8 0.9 0.6 0.4 0.8 0.9 0.0 0.4 0.5 0.7 0.2 0.4 0.6 0.2 0.5 0.4 0.9 0.7 0.1    1
0.9 0.1 0.7 2.7 0.3 0.6 0.2 0.9 1.9 1.3 0.3 0.8 0.3 0.2 0.7 0.9 0.6 0.8 0.0 0.3 0.2 0.0 0.0 0.6 0.6 1.0 0.2 0.6 0.2 0.9    1
1.0 0.6 0.0 2.9 1.2 0.0 1.0 1.0 2.0 2.8 0.8 0.1 0.3 0.1 0.4 0.6 0.3 0.8 0.2 0.6 0.5 0.7 0.5 0.5 0.9 0.9 0.3 0.0 0.0 0.7    0
0.6 0.3 0.1 1.9 0.5 0.1 0.5 0.9 1.9 1.7 1.0 0.5 0.3 0.8 0.5 0.7 0.1 0.2 1.0 0.2 0.3 0.5 0.8 0.2 0.9 0.0 0.2 0.0 0.7 0.8    0
0.8 0.3 0.5 2.5 0.7 0.4 0.3 0.9 1.8 1.9 0.5 0.2 0.6 0.1 0.3 0.5 0.9 0.6 0.5 0.4 0.9 0.1 0.5 0.3 0.4 1.0 0.7 0.7 0.8 0.2    1
0.4 0.2 0.6 1.3 0.4 0.3 0.2 0.6 1.2 1.1 0.5 0.3 0.4 0.0 0.7 0.9 0.5 0.9 0.9 0.4 0.8 0.3 0.5 0.9 0.9 0.7 0.0 0.9 0.4 0.9    1
0.2 0.4 0.2 0.7 0.8 0.1 0.0 0.7 1.4 1.9 0.6 0.6 0.9 0.3 0.2 0.5 0.5 0.1 0.7 0.8 0.3 0.6 0.1 0.3 0.6 0.9 0.6 0.7 0.1 0.8    0
1.0 0.1 0.0 2.9 0.3 0.0 1.0 1.0 2.0 1.4 0.0 0.2 0.3 0.3 0.7 0.6 0.1 0.1 0.3 0.6 0.9 0.7 0.2 0.9 0.1 0.4 0.8 0.8 0.2 0.7    1
0.9 0.2 0.2 2.7 0.5 0.2 0.7 1.0 2.0 1.7 0.7 0.8 0.3 0.6 0.5 0.5 1.0 0.9 0.8 0.4 0.8 0.1 0.2 0.0 0.4 0.0 0.6 0.9 0.9 0.5    1
0.3 0.6 0.3 0.8 1.1 0.1 0.0 0.7 1.4 2.4 0.1 0.9 0.1 0.6 0.4 0.8 0.5 0.0 0.5 0.2 0.7 0.1 0.2 0.2 0.3 0.7 0.2 0.7 0.2 0.5    0
0.7 0.7 0.9 2.2 1.5 0.7 0.2 0.7 1.5 3.0 0.5 0.8 0.8 0.4 0.4 0.8 0.6 0.8 0.6 1.0 0.9 0.3 0.4 0.4 0.7 0.6 0.1 0.7 0.2 0.3    1
0.8 0.7 0.5 2.3 1.5 0.4 0.3 0.9 1.8 3.1 0.5 0.3 0.5 0.1 0.9 0.8 0.3 0.8 0.2 0.9 0.4 0.1 0.3 0.5 0.1 0.4 0.2 1.0 0.4 0.7    0
0.5 0.6 0.5 1.5 1.2 0.2 0.0 0.7 1.4 2.6 1.0 0.4 1.0 0.2 1.0 0.2 0.3 0.3 0.4 0.5 1.0 0.7 0.9 0.8 0.5 0.7 0.8 0.5 0.6 0.1    0
0.7 0.7 0.8 2.0 1.5 0.6 0.2 0.7 1.4 2.9 0.2 0.8 0.2 0.6 0.3 0.4 0.9 0.3 0.1 1.0 0.2 0.1 0.2 1.0 0.1 0.2 0.9 0.6 0.6 0.7    1
0.9 0.9 0.5 2.7 1.8 0.4 0.4 0.9 1.9 3.6 0.5 0.7 0.0 0.8 0.5 0.6 0.1 0.5 0.7 0.0 0.9 0.2 0.4 0.1 0.6 0.6 0.9 0.3 0.7 0.3    0
0.9 0.8 0.8 2.7 1.7 0.7 0.1 0.9 1.8 3.4 0.6 0.3 0.1 0.2 0.3 0.5 0.5 0.0 0.2 0.7 0.8 0.2 0.8 0.4 0.7 0.2 0.7 0.6 0.1 0.3    0
0.7 0.3 0.2 2.1 0.6 0.2 0.5 0.9 1.9 1.8 0.7 0.1 0.1 1.0 0.9 0.0 0.5 0.6 0.2 0.7 0.9 0.3 0.3 0.1 0.2 0.3 0.5 0.8 1.0 0.2    1
0.8 0.3 1.0 2.4 0.6 0.8 0.2 0.8 1.6 1.7 0.4 0.6 0.2 0.5 0.7 0.1 0.1 0.1 0.6 0.5 0.3 0.2 0.8 0.7 0.8 0.2 0.2 0.0 0.9 0.7    1
0.8 0.3 0.4 2.4 0.6 0.3 0.4 0.9 1.8 1.9 0.4 0.2 0.7 0.4 0.7 0.9 1.0 0.3 0.9 0.3 0.3 0.3 0.7 0.0 0.3 1.0 0.5 0.2 0.0 0.8    1
0.7 0.1 0.1 2.1 0.2 0.1 0.6 1.0 1.9 1.3 0.9 0.9 0.7 0.4 0.2 0.6 0.6 0.6 0.9 0.0 0.4 1.0 1.0 0.7 0.8 0.5 0.6 0.6 0.1 0.6    1
0.7 0.2 0.9 2.0 0.4 0.6 0.2 0.7 1.4 1.3 0.6 0.8 0.1 0.6 0.2 0.7 0.7 0.2 0.7 0.9 0.7 0.6 0.6 0.3 0.3 0.4 0.0 0.9 0.5 0.5    1
0.1 0.8 0.2 0.2 1.6 0.0 0.2 0.5 1.0 2.9 0.5 0.7 0.3 0.6 0.7 0.7 0.8 0.0 0.0 0.0 0.2 0.4 0.3 0.3 0.5 0.6 0.0 0.8 0.1 0.4    0
0.4 0.9 0.2 1.1 1.8 0.1 0.2 0.9 1.7 3.6 0.6 0.9 0.1 0.3 0.3 0.3 0.7 0.7 0.9 0.4 0.9 0.2 0.2 0.3 0.1 0.6 0.8 0.8 0.5 0.8    0
1.0 0.4 0.7 2.9 0.9 0.7 0.2 1.0 1.9 2.3 0.5 0.2 0.4 0.4 0.1 0.8 1.0 0.9 0.6 0.9 0.3 0.1 0.5 0.8 1.0 0.9 0.1 0.7 0.6 0.6    1
0.3 0.5 0.6 1.0 1.1 0.2 0.3 0.5 1.0 2.1 0.3 0.4 0.6 0.6 0.7 0.3 0.0 0.2 0.9 0.3 0.7 0.9 0.9 0.4 0.6 0.6 0.3 0.7 0.7 0.8    1
0.9 0.2 0.4 2.6 0.4 0.3 0.5 1.0 1.9 1.6 0.8 0.7 0.1 0.1 0.1 0.4 0.8 0.9 0.4 0.2 0.1 0.8 0.3 0.6 0.1 0.8 1.0 0.6 0.1 0.8    1
0.8 0.6 0.6 2.3 1.3 0.4 0.2 0.9 1.7 2.7 0.4 0.7 0.8 0.1 0.3 0.4 0.9 0.1 0.2 0.5 0.4 0.9 0.9 0.6 0.3 0.7 0.2 0.7 0.6 0.3    0
0.1 0.8 0.2 0.3 1.6 0.0 0.1 0.6 1.2 3.0 0.2 0.5 0.7 0.6 0.7 0.6 0.2 0.5 0.1 0.7 0.1 0.6 0.3 0.2 0.6 0.4 1.0 0.2 0.0 0.4    0
0.7 0.3 0.7 2.1 0.7 0.4 0.0 0.8 1.6 1.8 0.9 0.1 0.5 0.0 0.7 1.0 0.9 0.6 0.0 0.2 0.2 0.5 0.9 0.3 0.4 0.1 1.0 0.8 0.9 0.7    1
0.7 0.8 0.2 2.2 1.6 0.1 0.5 0.9 1.9 3.3 0.0 0.2 0.5 0.7 0.6 0.2 0.9 0.1 0.5 0.7 0.0 0.6 0.9 0.6 0.7 0.7 0.1 0.2 0.9 0.8    0
0.7 0.6 0.7 2.0 1.3 0.4 0.0 0.8 1.5 2.7 0.1 0.1 0.3 0.1 0.3 0.9 0.6 0.0 0.8 0.9 0.8 0.5 0.3 0.7 0.7 0.7 0.3 0.3 0.7 0.8    1
0.2 0.4 0.9 0.7 0.9 0.2 0.7 0.3 0.5 1.6 0.4 0.6 0.5 0.4 0.0 0.1 0.8 0.2 0.2 0.1 0.8 0.3 0.7 0.1 0.2 0.5 0.9 0.6 0.2 0.4    1
0.7 0.0 0.1 2.1 0.1 0.1 0.6 1.0 1.9 1.1 0.6 0.7 0.3 0.7 0.6 0.5 0.2 0.8 1.0 0.8 0.1 0.6 0.3 0.5 0.1 1.0 1.0 0.7 0.8 0.2    1
0.6 0.5 0.5 1.9 0.9 0.3 0.2 0.8 1.6 2.2 0.6 0.3 0.6 0.8 0.7 0.6 0.0 0.5 0.9 0.1 0.8 0.1 0.6 0.8 0.4 0.9 0.5 0.6 0.0 0.9    1
0.2 0.0 0.1 0.7 0.0 0.0 0.1 0.9 1.8 0.9 0.2 0.2 0.6 0.7 0.6 0.6 0.3 1.0 0.4 0.2 0.6 0.1 1.0 0.2 0.1 0.3 0.5 0.5 0.3 0.9    1
0.8 0.3 0.1 2.5 0.6 0.1 0.7 1.0 2.0 1.9 0.7 1.0 0.2 0.5 0.7 0.3 0.8 0.2 0.7 0.2 0.2 0.9 0.9 0.7 0.6 0.2 0.1 0.9 0.4 0.5    1
1.0 0.0 0.9 2.9 0.1 0.9 0.1 1.0 1.9 1.0 0.8 0.5 0.3 0.4 0.5 0.1 0.3 1.0 0.4 0.8 0.8 0.3 0.9 0.1 0.0 0.6 0.4 0.3 0.5 0.5    1
0.7 0.9 0.1 2.1 1.8 0.1 0.6 1.0 1.9 3.7 0.8 0.8 0.6 0.7 1.0 0.9 1.0 0.4 0.0 0.7 0.4 0.6 0.7 0.4 0.1 0.5 0.6 0.8 0.9 0.5    0
0.8 0.9 0.8 2.5 1.9 0.7 0.0 0.9 1.7 3.7 0.1 0.7 0.7 0.8 0.6 0.4 0.2 0.7 0.2 0.8 0.2 0.4 0.7 0.9 0.2 0.7 0.8 0.5 0.1 0.2    0
0.7 0.4 0.5 2.0 0.8 0.3 0.2 0.8 1.6 2.0 0.2 0.9 0.0 0.4 0.4 0.5 0.6 0.8 0.3 0.1 0.9 0.9 0.3 0.6 0.1 0.6 0.7 0.5 0.5 0.3    1
0.2 0.4 0.4 0.6 0.8 0.1 0.3 0.5 0.9 1.6 0.8 0.2 0.4 0.0 0.0 0.7 0.7 0.1 0.7 0.2 0.6 0.7 0.7 0.7 0.8 0.5 0.1 0.1 0.7 0.8    0
0.3 0.6 0.9 0.8 1.1 0.2 0.7 0.3 0.6 2.0 0.2 0.3 0.1 0.2 0.9 0.5 1.0 0.4 0.2 0.2 1.0 0.8 0.1 0.3 0.0 1.0 0.5 1.0 0.3 0.7    1
0.0 0.2 0.1 0.0 0.3 0.0 0.1 0.4 0.9 0.9 0.4 0.7 0.5 0.7 0.3 0.9 1.0 0.8 0.6 0.6 0.8 0.3 0.8 0.7 0.8 0.7 0.3 1.0 0.1 0.1    0
1.0 0.1 0.3 2.9 0.2 0.3 0.7 1.0 2.0 1.3 0.2 0.5 0.7 0.4 0.4 1.0 1.0 0.6 0.2 0.3 0.8 0.7 1.0 0.6 0.2 0.7 0.1 0.6 0.5 0.9    1
0.6 0.3 0.5 1.8 0.5 0.3 0.1 0.8 1.5 1.6 0.1 0.2 0.4 0.9 0.5 0.2 0.4 1.0 0.1 0.3 0.2 0.9 0.3 0.9 0.6 0.6 0.6 0.4 0.3 0.4    1
0.7 0.2 0.7 2.0 0.5 0.5 0.0 0.7 1.5 1.5 0.8 1.0 0.6 0.9 0.4 0.5 0.5 0.9 0.5 0.8 0.6 0.9 0.4 0.3 0.5 0.7 0.7 0.4 0.5 0.0    1
0.9 0.2 0.7 2.6 0.3 0.6 0.1 0.9 1.8 1.4 0.1 0.4 0.5 0.2 0.0 0.7 0.6 0.4 0.1 0.4 0.6 0.3 0.4 0.0 0.5 0.3 0.4 0.8 1.0 0.9    1
1.0 0.2 0.8 3.0 0.4 0.8 0.2 1.0 2.0 1.6 0.6 0.3 0.7 0.6 0.9 0.7 0.4 0.6 0.3 0.3 0.0 0.0 0.2 0.3 0.9 0.6 1.0 0.7 0.5 0.5    1
0.4 0.7 0.4 1.2 1.5 0.2 0.0 0.7 1.4 2.9 0.1 0.6 0.9 0.2 0.3 0.1 0.9 0.2 0.3 0.8 0.6 0.6 0.6 0.8 0.1 0.6 0.2 0.5 0.7 0.5    0
0.9 0.9 0.5 2.8 1.7 0.5 0.4 1.0 1.9 3.6 0.6 0.3 0.9 0.8 0.4 0.8 0.2 0.6 0.8 0.7 0.6 0.9 0.2 0.3 0.3 0.5 0.6 0.2 0.7 0.8    0
0.5 0.2 0.3 1.5 0.5 0.1 0.2 0.8 1.7 1.6 0.6 1.0 0.1 1.0 0.9 1.0 0.3 0.8 0.2 0.9 0.2 0.6 0.1 0.2 0.7 0.8 0.6 0.8 0.8 0.2    1
0.5 0.5 0.8 1.6 0.9 0.4 0.3 0.6 1.2 2.0 0.7 0.8 0.1 0.3 0.7 0.3 0.4 0.7 0.6 0.8 0.3 0.3 0.7 0.1 0.2 0.1 0.8 0.7 0.7 1.0    1
0.2 0.8 0.8 0.7 1.6 0.2 0.5 0.3 0.6 2.7 0.8 0.6 0.1 0.3 0.1 0.6 1.0 1.0 0.7 0.3 0.5 0.3 0.4 0.6 0.8 1.0 0.1 0.1 0.1 0.4    0
1.0 0.2 0.9 2.9 0.4 0.9 0.1 1.0 2.0 1.6 0.7 0.9 0.3 0.3 0.6 0.5 0.3 0.4 0.7 0.3 0.9 0.5 0.4 0.2 0.7 0.1 0.8 0.2 0.3 0.5    1
0.5 0.5 0.6 1.6 0.9 0.3 0.1 0.7 1.3 2.1 0.7 0.8 0.0 0.1 0.9 0.8 0.6 0.6 0.3 0.9 0.7 0.1 0.2 0.3 1.0 1.0 0.8 0.5 0.4 0.8    1
0.1 0.6 0.3 0.4 1.3 0.0 0.2 0.6 1.1 2.5 0.8 1.0 0.6 0.5 0.1 0.2 1.0 0.6 0.8 0.5 0.2 0.8 0.8 0.4 1.0 0.6 0.5 0.5 0.9 0.5    0
1.0 0.3 0.9 2.9 0.7 0.8 0.1 1.0 1.9 2.0 0.5 0.9 0.5 0.3 0.5 0.9 0.1 0.6 0.4 0.8 0.2 1.0 0.1 0.7 0.3 0.4 0.0 0.4 0.3 0.3    1
0.3 0.8 0.6 1.0 1.5 0.2 0.3 0.5 1.0 2.8 0.7 0.7 0.2 0.5 0.6 0.7 0.6 0.8 0.5 0.5 0.1 0.1 0.1 0.0 0.5 0.6 0.4 0.8 0.1 0.8    0
0.2 0.4 0.4 0.5 0.9 0.1 0.2 0.5 1.0 1.8 0.1 0.6 0.3 0.4 0.6 1.0 0.3 0.3 0.7 0.2 0.9 0.1 0.3 0.8 0.5 0.8 0.5 0.9 0.3 0.4    0
0.7 0.7 0.9 2.2 1.4 0.7 0.2 0.8 1.5 2.8 0.0 0.5 0.2 0.9 0.7 0.2 0.3 0.4 0.7 0.1 1.0 0.9 0.2 0.3 0.8 0.9 0.8 0.6 0.9 0.0    1
0.7 0.6 0.9 2.2 1.1 0.6 0.1 0.8 1.5 2.5 0.8 0.3 0.3 0.8 0.9 0.0 0.1 0.6 0.7 0.9 0.7 0.5 0.3 0.1 0.1 0.3 0.7 0.7 0.4 0.9    1
0.7 0.9 0.5 2.1 1.8 0.4 0.2 0.8 1.7 3.6 0.4 0.2 0.8 0.1 0.4 0.3 0.6 0.3 0.1 0.9 0.1 0.7 0.4 0.8 0.6 0.1 0.2 0.7 0.6 0.1    0
0.4 0.7 0.3 1.1 1.5 0.1 0.0 0.7 1.4 2.9 0.7 0.7 0.6 0.9 0.3 0.2 0.5 0.0 0.1 0.7 0.6 0.8 1.0 0.7 0.1 0.2 0.9 0.5 0.0 1.0    0
0.4 0.1 0.2 1.3 0.2 0.1 0.2 0.8 1.7 1.1 0.6 0.2 0.6 0.8 0.7 0.4 0.7 0.2 0.9 0.7 0.1 0.1 0.6 0.7 1.0 0.5 0.5 1.0 0.0 0.4    1
0.3 0.9 0.1 1.0 1.8 0.1 0.2 0.9 1.7 3.6 0.9 0.2 0.2 1.0 1.0 0.9 0.0 0.6 0.2 0.8 1.0 0.6 0.6 0.7 0.1 0.0 0.6 0.8 0.0 0.5    0
0.8 0.4 0.7 2.3 0.7 0.5 0.1 0.8 1.7 2.0 0.5 0.7 0.1 0.7 0.9 0.6 0.9 0.5 0.2 0.2 0.9 0.3 0.1 0.1 0.8 0.8 1.0 0.0 0.4 0.8    1
0.0 0.3 0.2 0.0 0.6 0.0 0.2 0.5 0.9 1.3 0.8 1.0 0.3 0.8 0.1 0.0 0.9 0.6 0.1 0.4 0.7 0.8 0.3 0.1 0.7 0.1 0.2 0.7 1.0 0.4    0
0.0 0.2 0.5 0.0 0.4 0.0 0.5 0.0 0.0 0.6 0.6 0.3 0.4 0.2 0.5 0.3 0.2 0.7 0.7 0.0 0.5 0.5 1.0 0.8 0.5 0.3 0.7 0.8 0.6 1.0    1
0.3 0.8 0.8 0.8 1.6 0.2 0.6 0.3 0.7 2.8 0.9 0.7 0.4 0.7 0.1 0.9 0.2 0.5 0.0 0.3 0.5 0.4 0.4 0.4 0.3 0.4 0.5 0.0 1.0 0.8    0
0.9 1.0 0.3 2.8 1.9 0.3 0.6 1.0 2.0 3.9 0.3 0.6 0.3 0.3 0.3 0.1 0.7 0.1 0.2 0.0 0.1 0.3 0.7 0.6 0.4 0.4 1.0 0.0 0.1 0.7    0
0.9 0.2 0.0 2.6 0.4 0.0 0.8 1.0 2.0 1.6 0.4 0.7 0.8 0.7 0.9 0.5 0.1 0.0 0.2 1.0 0.2 0.8 0.4 1.0 0.1 0.8 0.3 0.3 0.6 0.2    1
0.3 0.2 0.9 0.8 0.4 0.2 0.6 0.3 0.6 0.9 0.3 0.3 0.3 0.5 0.8 0.9 0.9 0.7 0.9 0.3 0.9 0.5 0.5 0.0 0.3 0.9 0.9 0.7 0.5 0.7    1
0.0 0.4 0.4 0.0 0.9 0.0 0.4 0.2 0.4 1.5 0.8 0.9 0.9 0.6 0.9 0.6 0.3 0.3 0.2 0.8 0.4 1.0 0.2 0.7 0.1 0.8 0.9 0.0 0.3 0.5    0
1.0 0.2 0.4 3.0 0.3 0.4 0.6 1.0 2.0 1.5 0.4 0.4 0.8 0.1 0.9 0.9 0.4 0.9 0.5 0.5 0.7 0.8 0.8 0.6 0.0 0.4 0.1 0.3 0.3 0.1    1
0.3 0.6 0.9 1.0 1.2 0.3 0.6 0.4 0.7 2.1 0.1 0.4 0.0 1.0 0.9 0.9 0.5 0.4 0.9 0.0 0.7 0.5 0.4 0.7 0.9 0.6 0.0 0.7 0.4 0.4    1
0.4 0.9 0.4 1.2 1.8 0.1 0.0 0.7 1.4 3.4 0.4 0.4 0.2 0.8 0.8 0.6 0.5 0.6 0.6 0.6 0.5 0.5 0.7 0.2 0.2 0.9 1.0 0.4 1.0 0.0    0

============================================================================================

Search Tree T:

Address   Features                             T_F    N_final
 00000000    0000000000000000000000000000000      00020000     2693
 00000001    0000100000000000000000000000000      00011287     1061
 00000002    0100000000000000000000000000000      00003241     396
 00000003    0010000000000000000000000000000      00000062     0
 00000004    0100000001000000000000000000000      00000919     67
 00000005    0100100000000000000000000000000      00001062     68
 00000006    0100010000000000000000000000000      00000663     34
 00000007    0000110000000000000000000000000      00001520     57
 00000008    0000010000000000000000000000000      00000095     0
 00000009    0100110000000000000000000000000      00000610     5
 00000010    0000100001000000000000000000000      00001388     96
 00000011    0100010001000000000000000000000      00000538     39
 00000012    0000000001000000000000000000000      00004862     584
 00000013    0000010001000000000000000000000      00001004     92
 00000014    0000110001000000000000000000000      00000707     0
 00000015    0001000001000000000000000000000      00000613     26
 00000016    0001100001000000000000000000000      00000343     11
 00000017    0101010001000000000000000000000      00000164     0
 00000018    0001000000000000000000000000000      00000052     0
 00000019    0100110001000000000000000000000      00000453     0
 00000020    0001010001000000000000000000000      00000316     0
 00000021    0100100001000000000000000000000      00000456     40
 00000022    0101000001000000000000000000000      00000099     0
 00000023    0001100000000000000000000000000      00000820     35
 00000024    0101000000000000000000000000000      00000321     15
 00000025    0001110001000000000000000000000      00000255     0
 00000026    0010000001000000000000000000000      00000972     70
 00000027    0010010001000000000000000000000      00000412     16
 00000028    0110000001000000000000000000000      00000585     30
 00000029    0011000001000000000000000000000      00000384     18
 00000030    0011010001000000000000000000000      00000229     0
 00000031    0000000010000000000000000000000      00000042     0
 00000032    0010100001000000000000000000000      00000713     28
 00000033    0110110001000000000000000000000      00000349     25
 00000034    1000000001000000000000000000000      00000620     67
 00000035    1000010001000000000000000000000      00000144     0
 00000036    1010000001000000000000000000000      00000382     16
 00000037    1001000001000000000000000000000      00000114     0
 00000038    1011000001000000000000000000000      00000138     9
 00000039    0110010001000000000000000000000      00000319     0
 00000040    1010010001000000000000000000000      00000174     0
 00000041    0010110001000000000000000000000      00000458     0
 00000042    1110000001000000000000000000000      00000243     20
 00000043    1011010001000000000000000000000      00000094     0
 00000044    0000000001000000000000000010000      00000290     19
 00000045    1000000000000000000000000000000      00000051     0
 00000046    0011100000000000000000000000000      00000659     39
 00000047    0001110000000000000000000000000      00000388     2
 00000048    0011100001000000000000000000000      00000401     25
 00000049    0101110001000000000000000000000      00000078     0
 00000050    0110110000000000000000000000000      00000427     3
 00000051    0010110000000000000000000000000      00000737     5
 00000052    1000100001000000000000000000000      00000423     20
 00000053    0010100000000000000000000000000      00003053     236
 00000054    0011110000000000000000000000000      00000327     2
 00000055    0011110001000000000000000000000      00000336     9
 00000056    1000100000000000000000000000000      00000883     71
 00000057    1010100000000000000000000000000      00000702     46
 00000058    1000110000000000000000000000000      00000418     1
 00000059    1010110001000000000000000000000      00000322     6
 00000060    1010110000000000000000000000000      00000351     0
 00000061    0110100000000000000000000000000      00000763     41
 00000062    1010100001000000000000000000000      00000432     34
 00000063    0000001000000000000000000000000      00000053     0
 00000064    1000110001000000000000000000000      00000287     0
 00000065    0000100000000000010000000000000      00000564     56
 00000066    0010100000000000010000000000000      00000190     14
 00000067    0000110000000000010000000000000      00000154     0
 00000068    1011100001000000000000000000000      00000215     0
 00000069    1011100000000000000000000000000      00000286     31
 00000070    0101110000000000000000000000000      00000100     0
 00000071    1011110000000000000000000000000      00000233     5
 00000072    1011110001000000000000000000000      00000219     0
 00000073    1110110000000000000000000000000      00000179     0
 00000074    0001100000000000010000000000000      00000079     0
 00000075    1110100000000000000000000000000      00000255     24
 00000076    1001110001000000000000000000000      00000111     0
 00000077    0111100000000000000000000000000      00000204     20
 00000078    0000100100000000000000000000000      00000737     62
 00000079    1100100000000000000000000000000      00000110     0
 00000080    0111000000000000000000000000000      00000245     10
 00000081    0111000001000000000000000000000      00000121     7
 00000082    1110010001000000000000000000000      00000138     0
 00000083    0110010000000000000000000000000      00000310     2
 00000084    1100000001000000000000000000000      00000251     18
 00000085    0101010000000000000000000000000      00000068     0
 00000086    0110000000000000000000000000000      00000858     83
 00000087    1110000000000000000000000000000      00000260     12
 00000088    1110010000000000000000000000000      00000143     1
 00000089    0111010001000000000000000000000      00000111     0
 00000090    0000000000000000010000000000000      00000052     0
 00000091    1100000000000000000000000000000      00000397     18
 00000092    1100010000000000000000000000000      00000153     0
 00000093    0111010000000000000000000000000      00000051     0
 00000094    1111000000000000000000000000000      00000045     0
 00000095    1111000001000000000000000000000      00000047     0
 00000096    1100010001000000000000000000000      00000050     0
 00000097    0100000000000000000001000000000      00000167     0
 00000098    0010100100000000000000000000000      00000618     29
 00000099    0000110100000000000000000000000      00000178     0
 00000100    1000100100000000000000000000000      00000104     0
 00000101    0010110100000000000000000000000      00000156     0
 00000102    0111110001000000000000000000000      00000158     0
 00000103    1001100000000000000000000000000      00000228     9
 00000104    1001100001000000000000000000000      00000092     0
 00000105    1110110001000000000000000000000      00000173     0
 00000106    1010100100000000000000000000000      00000125     3
 00000107    1001110000000000000000000000000      00000179     0
 00000108    1111110001000000000000000000000      00000101     0
 00000109    0001100100000000000000000000000      00000105     0
 00000110    0111110000000000000000000000000      00000137     0
 00000111    0110100001000000000000000000000      00000374     14
 00000112    1110100001000000000000000000000      00000151     0
 00000113    0010100101000000000000000000000      00000104     0
 00000114    0000101000000000000000000000000      00000950     84
 00000115    0010101000000000000000000000000      00000228     13
 00000116    0000111000000000000000000000000      00000202     0
 00000117    0000000100000000000000000000000      00000045     0
 00000118    1000101000000000000000000000000      00000179     3
 00000119    0010111000000000000000000000000      00000078     0
 00000120    0110000000000000000001000000000      00000046     0
 00000121    1100110001000000000000000000000      00000084     0
 00000122    0010000001000000000000000010000      00000070     0
 00000123    1111010001000000000000000000000      00000018     0
 00000124    0111100001000000000000000000000      00000141     0
 00000125    0000010001000000000000000010000      00000093     0
 00000126    0011110101000000000000000000000      00000030     0
 00000127    1100100001000000000000000000000      00000076     0
 00000128    1001010001000000000000000000000      00000010     0
 00000129    0000000101000000000000000000000      00000083     0
 00000130    1010101000000000000000000000000      00000079     0
 00000131    0001101000000000000000000000000      00000188     4
 00000132    0010110000000000010000000000000      00000065     0
 00000133    1011111001000000000000000000000      00000041     0
 00000134    1111100001000000000000000000000      00000037     0
 00000135    1010110100000000000000000000000      00000038     0
 00000136    1111110000000000000000000000000      00000095     0
 00000137    0011101000000000000000000000000      00000035     0
 00000138    0110111001000000000000000000000      00000043     0
 00000139    1000111000000000000000000000000      00000045     0
 00000140    1111100000000000000000000000000      00000083     0
 00000141    1100110000000000000000000000000      00000023     0
 00000142    0001111000000000000000000000000      00000020     0
 00000143    1010111001000000000000000000000      00000016     0
 00000144    1010100000000000010000000000000      00000022     0
 00000145    0011100100000000000000000000000      00000031     0
 00000146    1000110100000000000000000000000      00000010     0
 00000147    0000100010000000000000000000000      00000809     80
 00000148    0010100010000000000000000000000      00000203     14
 00000149    0000110010000000000000000000000      00000171     0
 00000150    1000100010000000000000000000000      00000141     0
 00000151    0010110010000000000000000000000      00000068     0
 00000152    0000000000000000000000000000010      00000044     0
 00000153    1010100010000000000000000000000      00000056     0
 00000154    0001100010000000000000000000000      00000145     0
 00000155    0011100010000000000000000000000      00000024     0
 00000156    1000110010000000000000000000000      00000003     0
 00000157    1110111001000000000000000000000      00000005     0

============================================================================================
